1000
632 9930
790 5270
16 7197
10 7875
71 2861
731 4087
75 8330
117 4625
374 1520
685 8483
613 7124
445 7884
485 5593
298 6238
442 6790
110 173
171 1700
195 7986
848 7204
212 3571
417 1294
357 9391
424 5225
867 9497
96 4751
531 4760
227 4076
743 1163
520 4241
500 7262
782 7961
286 453
712 5580
238 1260
736 7002
730 5552
595 8838
742 4270
814 5308
118 3509
510 4449
769 988
776 7263
650 895
855 9549
508 5237
10 8294
789 3521
425 478
532 9360
731 2313
511 2126
702 6204
647 7915
263 2865
676 625
565 2396
712 8540
358 3762
834 7513
762 3942
149 3523
387 4789
696 8811
266 4527
171 9097
792 9433
574 693
289 320
308 6203
184 6383
527 6848
678 8439
287 8435
852 1173
499 4565
766 5047
688 52
735 1483
162 1453
861 3384
249 5552
217 4474
445 1157
293 1204
259 4329
38 4186
428 9067
276 9267
1 3879
139 9800
143 1904
298 6530
307 1033
412 7168
285 6725
4 9385
276 9720
558 8520
828 8650
675 4586
530 12
123 6858
578 4098
824 2931
728 2914
282 2771
117 279
852 9475
763 16
42 6499
840 3545
783 9015
316 6092
87 3195
494 9961
481 423
573 2903
232 9050
153 9755
32 7680
268 7413
2 3836
44 2454
10 1706
369 6304
105 9208
200 439
574 2168
531 8460
862 3976
521 9494
298 4745
249 8030
546 2101
736 8478
432 3156
890 9286
643 6285
491 3005
891 559
808 2547
318 1859
237 691
778 5867
703 5740
42 275
333 592
619 333
73 5164
185 9108
893 1269
115 2235
254 1958
119 8644
562 2861
754 621
307 1671
679 4744
213 2857
462 567
448 3156
441 6532
99 5859
565 5071
475 5649
130 3719
517 9145
553 3822
102 4472
665 6063
884 8018
283 9091
740 5513
886 1105
669 7147
171 9668
102 2512
200 400
822 3064
422 8448
664 2352
67 1981
796 8119
202 8949
442 4619
711 2626
588 8045
768 1380
257 8253
584 8278
299 506
345 2053
569 496
704 443
459 626
90 4975
829 1056
607 824
827 9108
824 4468
878 1134
845 9066
830 1512
145 9086
564 9280
315 1515
737 1660
467 1858
407 8722
100 8418
547 1189
292 8675
397 6698
350 4123
857 1973
742 2235
58 8387
552 1339
550 4448
225 2366
627 491
280 6215
402 3798
72 7009
271 371
826 8218
412 8817
444 6508
214 5446
282 7670
270 1923
156 9580
861 3907
418 2911
554 7694
828 8432
385 1859
899 6686
208 9070
694 878
293 5471
447 3704
887 5043
611 6152
888 7192
422 609
166 6429
740 2127
436 7458
689 5041
103 9368
525 6039
26 823
425 3233
592 2770
762 5684
41 5909
739 8879
351 2301
331 7790
544 5204
750 1310
532 1290
888 8319
899 7528
260 6601
495 9536
692 8120
458 1716
804 249
537 8165
185 5429
73 8023
708 1375
576 9338
864 2519
93 266
28 2524
455 9967
795 3005
794 6906
657 4388
141 4948
59 6798
715 2914
798 3852
679 5682
132 1503
157 9939
430 3084
128 4745
102 6520
310 5782
896 2916
248 2590
420 9594
95 1877
633 5935
624 5544
832 9839
757 2481
842 5887
15 5673
542 923
64 2971
106 7591
567 9607
463 9077
388 5858
792 7488
347 7912
33 4293
540 3765
727 2963
508 9310
753 4117
642 9194
103 2656
819 96
878 3182
766 7583
224 3485
342 7586
461 5281
295 4552
568 4593
715 6200
285 4954
417 5463
669 5624
24 3421
492 9266
367 6095
473 6537
442 1851
318 5608
585 3193
844 9326
379 8004
807 6925
807 3726
518 4074
278 6754
179 2594
117 9647
769 9692
520 661
857 4738
107 3582
374 5648
32 991
7 1216
383 3050
694 1313
405 1500
638 6312
225 6107
85 7854
260 5763
347 1428
262 1368
620 1181
680 6428
818 7838
209 7191
485 5440
133 7444
8 5067
545 9901
532 4250
452 7321
361 9328
627 7297
382 2638
811 3980
466 1172
147 5185
104 78
812 973
815 1621
415 7752
412 5399
95 2771
266 2039
323 9549
740 6774
269 9552
654 6647
748 9635
84 2611
14 3349
34 5313
733 5190
242 6497
262 9657
869 7029
608 4232
427 8954
3 9244
544 2377
744 9984
251 2012
635 7956
158 2735
190 4294
397 7555
842 1830
519 2527
619 961
523 9533
69 3491
813 728
74 5339
581 1076
235 7024
505 6078
659 8955
242 2894
862 9451
80 851
744 3676
457 7738
5 3976
564 8876
888 9286
760 8256
728 7672
783 9553
110 5015
29 296
790 6785
526 1749
491 3519
94 5352
369 2973
602 3065
700 958
102 4856
285 1065
531 2572
2 8490
379 2181
161 2513
733 5523
827 8713
770 2269
549 1247
417 3939
365 1362
590 4086
786 5491
202 3685
501 4303
440 4085
119 8623
209 4772
564 6539
104 5977
52 1388
251 2930
853 20
798 8301
619 9214
640 2383
875 1529
20 1260
672 6321
496 6172
575 6188
208 8693
210 5968
16 8273
207 3119
649 1558
159 8451
287 7311
171 9685
663 6089
550 4202
23 2177
783 3995
488 5454
315 1084
877 7290
171 936
734 8432
704 8502
356 9410
72 3657
319 8830
207 8157
392 577
893 4455
317 5795
608 4192
271 7090
486 4110
195 4852
45 6871
893 5167
459 7179
698 1062
680 6654
323 3651
362 493
81 8768
449 1324
97 9194
678 5065
188 786
856 2958
27 3793
419 3122
497 4964
444 3489
730 502
419 80
263 2698
785 4737
101 9746
429 1533
813 230
756 561
523 8634
526 4410
71 4881
319 9997
126 7137
318 22
352 9462
262 4934
763 6881
813 7878
30 8097
866 8630
94 547
362 9058
476 3018
119 6550
803 5244
859 3773
276 1029
121 7853
217 3239
174 2969
352 4088
802 5366
268 9266
495 3249
614 8561
479 7907
7 2040
816 6234
209 2934
683 5763
729 93
135 1005
121 9656
557 5637
746 3083
5 8297
422 2858
514 4489
723 9609
137 2188
621 5967
294 9979
659 3410
312 5767
295 8994
130 7224
786 7416
280 6558
623 9788
394 2668
770 7151
716 6391
460 7330
131 4835
490 1320
822 7810
86 3468
888 7996
477 351
763 5923
444 1644
46 4781
411 7725
490 8834
313 6235
653 6734
537 1521
577 6097
850 3059
483 8491
178 4304
700 8016
671 439
263 999
189 2477
222 6484
220 67
216 5883
644 5305
868 8008
739 8920
341 7628
240 569
524 5641
828 1006
783 4357
561 3134
524 9432
472 1087
682 712
63 3703
547 4035
322 1162
169 617
618 7336
224 4357
807 9716
884 9399
685 2059
491 264
716 1874
872 1076
107 9696
759 4931
434 3641
494 7048
595 5541
882 3816
2 3702
184 9520
337 9407
228 3644
123 8563
442 5759
873 4432
674 6388
457 3345
215 7664
292 674
346 6525
666 939
425 4360
131 1006
428 9533
608 5311
804 2096
170 5631
339 6544
445 5132
302 7517
16 1027
204 8572
771 4070
187 115
543 7884
39 1760
523 6563
720 1653
21 6999
837 4980
9 2940
827 3378
22 5518
573 1818
249 8574
34 2916
100 9589
788 323
759 426
237 4753
710 3427
813 3484
842 8984
188 6614
82 9025
745 4642
16 1371
372 9590
88 644
607 3889
70 7093
704 1521
81 4643
295 339
769 8631
444 9730
10 4308
113 4751
191 4700
864 5624
476 9308
517 4744
530 7340
633 3918
136 2091
106 9905
183 961
477 5864
604 5972
254 7024
454 349
253 5715
256 6317
465 7946
768 8180
821 3796
339 6538
39 869
529 9223
638 4564
265 5295
20 6848
755 8597
763 8210
420 7968
133 8225
17 8337
540 9324
5 756
822 8373
636 3542
268 9126
331 7058
146 6660
232 3835
675 296
729 8395
95 5384
291 2557
245 4262
177 5178
786 1545
866 6425
568 871
633 4489
795 2468
383 7762
545 7165
571 4291
724 3802
625 1399
397 3606
345 7592
241 9487
500 5285
548 9728
14 2585
72 6680
62 2140
2 8894
280 9496
213 3714
109 5657
579 4779
599 4702
632 776
52 5380
881 4948
723 9721
234 2175
757 8181
202 8171
418 3174
802 2479
65 5103
272 4644
750 9084
210 910
340 5588
740 7391
341 6971
466 9093
702 8898
892 8025
770 4826
51 6326
158 8452
548 6475
525 2049
153 9641
403 324
137 804
59 5346
313 6851
233 3752
541 7573
674 8758
117 5776
655 3409
152 2624
334 6702
301 3943
453 6149
218 3130
449 9370
770 4404
846 3406
307 1804
403 3272
454 6035
823 9246
308 4097
303 2976
224 5657
584 6375
632 969
576 6285
612 4580
33 1681
309 3333
350 6831
588 3447
288 9295
403 1691
718 256
425 5940
102 7684
388 3856
412 2611
565 9747
137 496
216 8412
380 1979
892 5564
859 700
149 1060
582 9336
759 470
782 2461
660 3899
268 6236
391 4921
120 8930
877 931
541 4641
677 6877
888 7744
541 4620
74 984
35 6084
35 1783
496 1917
71 4354
586 2452
666 4545
603 2233
580 5245
506 1051
74 2282
433 2066
174 5362
495 4761
357 6935
632 5531
770 2267
566 2304
849 1461
520 7871
566 6605
75 5331
601 9377
416 4633
873 7421
183 5146
554 368
764 9327
81 8858
39 1537
544 6171
19 6413
489 1385
316 8837
797 2936
560 7715
192 9734
845 3393
462 3312
225 6434
432 59
531 3137
278 1494
15 8858
751 9254
795 8846
776 3813
10 6564
549 6678
852 7098
313 4811
112 1856
296 4208
500 6357
520 9624
290 4603
335 721
240 2812
366 6554
70 8917
359 8416
714 3934
880 5724
649 6481
201 8601
178 8365
263 8389
272 659
448 8172
467 6467
647 6157
222 181
729 5161
745 1794
766 7366
462 225
881 7528
510 4360
151 7359
540 2003
11 769
119 8425
209 3290
35 4457
313 8802
723 1960
358 4696
192 4538
556 7836
483 4274
53 9745
750 7333
372 1359
45 6874
669 5236
128 3731
505 1946
156 1513
687 7590
521 9400
691 9596
211 7700
491 6202
489 499
490 1272
672 1942
116 5621
627 4639
879 3671
264 8400
458 3091
530 1262
688 637
827 9326
27 1447
677 969
842 2787
121 1685
441 3609
683 2082
732 6954
675 2247
74 6001
537 5904
223 1100
803 1281
342 2785
794 1929
321 8020
655 7999
319 6331
320 3212
470 340
796 810
200 7078
143 1532
131 9617
30 2956
370 3367
360 7992
518 9514
424 1360
850 870
140 2071
241 894
721 1059
325 1740
23 9046
631 5518
855 8731
496 9097
14 2978
65 6743
86 7034
661 1145
178 3631
10
