10000
8010 3353
2990 5660
8222 4629
1082 9463
4875 502
1873 5451
8242 7495
2496 7024
13 702
754 1960
7150 2367
1289 1214
4462 3574
2248 1922
70 5977
4552 8080
1329 6893
7091 3551
874 4172
6365 6100
3673 6237
6550 3266
4732 2397
5642 3096
7098 2395
5407 9247
8114 9047
3460 2927
973 5059
7848 42
1035 6752
6473 6716
2996 4563
6618 4221
1086 5982
4320 6111
570 8221
8728 8653
5617 2369
2100 66
116 9506
6312 8581
8905 6124
6507 3877
7534 6354
8270 4921
3457 4743
5636 5805
7657 4605
5025 743
4586 345
8205 9155
8565 8932
5160 5534
1653 2259
3599 8768
3117 1263
7348 3021
5386 8854
1249 1271
7559 3518
7191 7368
3612 4178
3172 269
1782 3196
8363 9367
5892 6919
8874 8457
3850 5385
5342 3502
643 5940
4621 5759
7202 5968
4131 939
5173 4731
2210 2732
3249 8400
3099 2860
1578 3270
6480 7711
2817 3194
7078 2709
8112 8303
5165 2314
4039 7858
5815 7681
7797 788
5792 7351
1755 1274
4289 7928
1005 6850
8011 4253
4250 7109
8464 4179
5730 2944
1241 9546
6489 1670
8254 2601
972 9770
5914 10
627 7080
7043 7776
7867 3834
126 974
8459 9766
2253 7463
5616 2263
2067 8217
3371 1531
1395 2452
4826 6987
5997 3314
5657 4251
5266 8628
4372 3531
8990 7999
5963 5384
1774 1181
5569 899
154 7027
3664 3758
5490 7279
1020 2556
4847 1742
6438 593
8193 1263
3580 6190
1929 6236
7792 9546
4215 7163
4077 6204
5513 39
5939 7286
3219 3507
6536 9725
7534 1552
482 1375
5182 5854
6282 7029
595 720
4621 1788
3334 5200
2329 5614
8435 7472
7160 2650
7986 8236
5205 2499
626 3144
136 2196
4650 7024
1920 3535
2575 1754
1909 3756
7607 1543
6136 5201
262 4757
5340 6947
7308 4020
3561 7743
3491 7720
7744 8829
1307 1948
4327 3284
6091 3814
479 8093
5837 3751
5979 9411
8504 9240
4519 9462
1782 6654
3662 9395
762 4354
341 4070
2373 5253
3164 6216
324 4907
396 7982
5854 9074
7265 8297
3887 6744
5741 3724
7494 719
6486 5997
5310 5356
8810 7091
7362 6471
3837 6123
7176 9178
4544 1901
2782 4707
7468 106
613 5863
2087 2819
936 9352
4115 7822
5447 207
2897 2940
7277 3735
8288 3587
6090 7097
1677 7451
8919 3514
926 7095
7043 6469
2347 6176
4176 9814
1281 7140
8676 720
5958 6963
7423 7424
2784 8869
5630 9033
5160 4907
767 3447
4845 8208
895 1873
8659 6813
6738 1936
5259 780
756 1957
2956 5931
5770 9588
4423 3797
2307 9380
759 6729
6156 1895
1949 7137
3927 108
4043 45
8906 3239
6252 6800
1112 262
7965 6849
1197 6575
981 6953
6532 936
4235 6653
2875 5009
3450 3534
4741 7560
614 3896
2454 8563
2032 6732
670 9427
5776 8576
665 5028
7727 7776
3641 1691
625 3838
5618 8605
4142 3149
2892 2728
3801 9118
2737 6602
5651 8477
6162 9265
372 9967
6179 9755
699 9200
3181 3474
2127 8198
6853 5854
2973 6494
4896 6949
3683 8513
2553 3824
4661 7796
1903 7814
5914 639
7767 9564
467 4928
6180 4190
1895 9358
6945 7945
7558 9477
6418 2684
8674 6271
7889 3647
5764 8785
947 5798
5297 2500
2973 5310
3647 8875
4123 3560
6866 3889
476 1332
5169 1007
5522 6415
7365 5818
4359 5274
8294 2128
1309 9320
3398 9198
5318 7513
1334 6264
1662 1630
7115 5634
4939 1762
509 6413
8673 374
302 7500
3057 1822
1507 9930
4588 5223
6747 8946
6848 7393
8073 1156
8712 5823
5705 2381
3687 1038
8644 9349
4668 111
982 5958
5872 5842
4371 9896
6215 9024
6748 624
2197 2254
3553 1784
5476 6300
4081 675
2044 4505
8830 3107
327 8535
1487 6366
924 4130
4066 4943
5240 7047
901 2463
1241 9623
8711 5455
4646 2458
2430 2194
3063 2983
1977 4890
4634 1057
6564 5677
6561 7393
5783 2240
279 4269
2957 4555
5750 7022
1497 5342
420 6749
5156 9660
2371 2866
6467 1368
8675 3896
8561 2737
5878 7537
8626 2511
4945 3189
8187 6858
934 3321
1449 5564
589 405
6118 2339
2426 9615
3032 4197
7363 8187
1857 9086
4053 5323
2453 2727
8218 4014
3816 2448
902 9441
1310 9199
6982 5849
408 5915
169 7856
3830 6758
3612 7948
4448 2037
5914 9479
3585 276
6665 6441
2361 5069
2115 6166
148 3685
1531 5963
1132 4432
7403 7441
2982 736
6641 2389
1650 8810
2596 832
4919 1207
3779 7366
595 2692
5196 2180
2319 7212
620 5032
8281 3087
4197 6428
7771 7727
3390 9254
5510 4144
6046 4844
1880 2687
6584 7881
1496 180
3712 3414
6386 7490
4131 981
5533 326
2160 5852
537 8131
7235 9817
217 4783
5596 4339
2861 4985
2592 7370
5481 6638
2565 360
3324 2149
8240 819
328 3304
2232 3713
7793 7714
2045 3678
4039 556
6881 1927
1687 3115
8096 6255
4897 691
4594 6757
2028 4185
4478 7508
4174 5395
5867 6497
4543 2458
3315 9870
2761 7898
8934 2906
6611 7331
583 1
886 8815
928 2924
929 23
8179 6177
4713 6124
8285 2740
5660 6114
2599 3834
5508 4465
8330 9050
8275 3997
3271 5387
246 1557
7292 209
8887 1226
3209 6772
1040 8488
7048 8320
1510 1578
8848 5575
2053 132
1314 712
246 1265
5897 7753
729 7579
4155 5355
8927 8425
5742 6172
5333 5385
1732 5219
6611 2941
3343 3002
6428 742
1674 6290
2319 8521
8864 6371
7005 6529
434 1250
8793 4331
1354 9874
8909 8508
4228 9835
1285 2321
6358 5969
8706 5090
6540 668
1382 2234
8669 2161
5975 7694
1450 5293
215 313
1015 1219
8842 1448
2820 986
5130 4173
3859 390
7033 2439
8576 8669
3759 8934
637 2464
2375 2176
7131 4756
5409 3152
8916 3735
2845 1718
5379 3411
30 3393
7629 5223
5193 9800
3209 9674
2973 3419
1064 9357
857 6639
4025 6968
3924 9013
2783 8650
6541 8914
7405 8301
2417 6673
36 5613
3390 7414
3024 6771
159 4
4346 4703
6804 906
1376 3776
324 791
5484 6533
6782 7508
500 5705
8872 5634
5355 412
7899 4111
6713 9315
3135 7100
3928 1876
6865 3951
1999 4375
5954 3344
7077 109
2249 9805
1884 4924
2947 9719
4808 728
5226 7659
2433 6450
3293 7139
8861 4191
3601 1925
3506 4736
8024 4785
7963 9889
87 7961
1263 5392
7304 9692
4501 1904
8848 5736
4180 2794
8455 987
874 9032
2646 2658
4481 1938
5796 8694
8128 3748
5618 5985
4483 5994
4769 1446
5234 2207
1758 2848
5599 3414
539 9451
4317 4738
2186 8496
532 640
5835 3757
3672 4480
8414 1504
5417 6209
4549 8896
2956 7167
1881 4791
512 2001
5588 1745
6208 8345
592 8158
4758 3483
7608 3427
5220 2793
3274 2103
8785 4108
1859 5808
8587 2272
3663 1355
3832 212
4251 1140
6730 1483
6282 3241
4835 4869
3985 394
7565 5928
8551 7675
410 2510
7101 3982
5303 9374
6084 1439
1482 8295
3246 8420
3918 908
775 1750
6119 6377
241 4848
3211 1522
8440 4045
390 5776
7439 2306
2704 9341
5980 7465
8851 1080
3446 3505
2806 3882
4943 287
528 8540
58 5445
799 4832
546 6918
560 2786
8117 8122
7307 2557
167 7048
8332 2957
1354 6387
6649 9333
8852 6851
8765 1649
6355 3570
7530 1649
6856 409
2540 5265
854 2339
2449 5751
1256 4008
5889 3724
4130 9195
5280 648
6595 964
3956 8300
1350 4956
3632 7553
2807 748
8202 8513
3317 1083
6162 4524
492 3053
2789 3697
391 6237
6447 4646
5596 4335
5722 5077
4882 7353
6076 8828
1316 2031
5127 2018
8987 1110
7570 5145
6858 5123
6657 6174
8206 170
6050 4049
7223 6838
4745 8613
2426 3543
6611 6021
230 4332
6098 4111
2684 9525
4938 6352
1556 6416
1369 4894
4525 4290
5390 5734
1413 46
7260 1970
1568 5309
4018 6142
4146 114
2106 7923
5656 716
2943 7885
399 1392
8347 9435
6917 1284
1786 8824
51 506
2069 7928
4147 6458
1661 6911
7855 1920
880 5774
4228 1249
3915 5725
8362 3021
647 5018
3088 3942
1902 1487
7333 1249
3921 2601
2884 3058
5776 9287
915 7844
2214 1061
3653 874
7972 9860
3794 3203
6633 6373
8452 3900
2098 5813
4920 2096
1182 3359
1037 84
8845 7722
1684 2117
5674 2919
1526 4450
2205 1440
7645 9418
4853 9298
8292 3176
8509 9437
4730 1141
5809 7181
2392 4258
346 8311
2706 6527
1022 5094
1962 2866
6815 645
8335 5841
5564 9212
3290 5768
652 5286
538 5856
7935 8181
1383 6443
6617 8112
1936 9777
1293 5327
3387 990
8990 3092
516 8011
7185 478
8228 7352
3474 8562
3192 1037
5774 9833
5157 4777
3118 1046
3984 6053
226 2366
6847 6842
2477 2782
4970 2121
4109 3356
110 4450
2799 6978
2460 7336
455 9687
7039 4928
6601 582
1317 2374
2414 1825
4502 1883
6870 6837
2287 2095
2202 3134
2288 6030
6267 8257
3151 6727
3965 7612
176 7115
7589 3635
2450 8395
4322 5488
323 7922
8069 1991
2647 2834
2815 6500
8069 6684
1336 5355
5130 8889
7840 417
270 7107
3025 5772
3833 2989
1384 1361
8456 4324
3995 905
2719 4668
8745 2393
4941 5165
8383 1939
1351 4549
438 5419
232 8125
1773 2713
6365 5613
7481 4635
3071 4505
7406 9255
5846 141
5615 301
3465 1962
4557 7183
981 6653
3927 1922
6818 309
1860 2520
2857 8650
5938 2440
5126 5062
504 6491
3026 984
6477 6096
488 4234
7703 5685
8375 2317
8985 8839
8630 9894
6373 3611
3546 8299
3884 4715
1959 2095
4234 6167
96 5171
2606 222
3585 109
5064 3610
2092 540
1058 2931
4773 7760
3616 5499
1428 952
4337 7058
2845 3061
8020 7391
6711 5255
2457 2669
3349 5691
1835 4445
5213 3792
6018 3797
2252 4081
6407 7695
1972 9816
1626 2096
4575 5593
5595 4002
3544 8283
4411 3741
6344 782
7483 9054
1036 5939
1075 9737
7629 3261
5181 8842
2053 1550
990 7304
1630 2748
3351 6601
563 8328
7696 6489
4920 6290
5843 6815
8925 4253
555 2268
8387 4389
7673 3774
6328 2099
8510 8308
6360 4042
3501 8764
1591 2491
7419 7572
6590 3769
4172 4153
4096 9220
641 6015
1861 7483
3182 2785
5088 9736
5404 5826
125 5429
8599 804
7527 9461
6111 2886
4854 2612
1649 5445
5102 4068
7016 6691
8188 3540
7195 6284
8759 4188
650 4619
2670 7831
756 6109
7567 5159
6934 8043
7587 7885
8846 8114
345 4308
8351 7198
3919 5352
8994 8372
4771 8362
6415 9958
3901 8609
7241 1011
796 4891
8981 818
2721 5736
3278 6639
6895 1564
1033 1481
2448 6230
8946 3144
1538 3297
2693 3808
6648 5687
180 770
7048 3594
3727 2300
2202 3320
310 1350
4562 1642
7519 3634
7378 1796
3273 8272
359 7657
8104 9158
8887 2050
301 776
4698 8994
1583 6697
3032 6762
8466 1431
8355 8192
6730 8909
8863 3391
5610 2424
2032 5128
58 8761
5923 2682
384 6634
2338 9488
1143 576
4889 4444
7351 9586
1789 2286
6634 7172
8047 99
602 5754
6642 8683
1014 2505
6425 3975
8280 9808
8102 7337
3569 2376
18 1952
3361 6708
791 7504
8283 2031
3299 4986
3616 4439
1271 4249
4610 2669
4699 211
8774 5341
7245 2139
6197 3669
2113 5476
1476 5214
4813 2044
942 9182
6348 9302
1889 8138
8805 9524
1169 1455
2509 8136
2893 8131
737 7502
5151 9435
1064 1925
5127 9308
415 5323
3976 6528
5151 6452
1093 6315
7847 2034
496 5194
3688 7737
684 4492
7260 6204
1299 8120
7691 8191
5602 9427
45 9752
2214 6108
4028 2692
6768 4795
4367 4743
4322 1517
4546 5766
7831 8745
4800 9678
3290 5487
5414 6325
330 1025
528 4980
5496 9571
3171 4449
2349 5215
1201 6914
4322 8580
6606 9441
4374 3972
1184 1047
8840 8081
8813 6022
1177 964
1699 3467
7802 9465
5791 5483
2841 8671
4463 8689
241 3633
5137 3589
8199 3689
4503 2872
6269 6460
313 1994
1431 2848
2393 8622
1928 6205
3643 4105
1520 6693
4923 6321
7157 3713
3155 9350
2735 8617
4038 6975
3601 1174
2916 3799
3863 3770
3671 3483
4229 8983
3828 659
2830 1220
1632 9109
5776 274
2565 7295
7966 3487
4967 9475
6552 8122
1824 2286
4090 6861
613 1691
3386 2528
1489 5600
5649 8511
3082 2877
6493 7262
3887 5674
1481 5518
6135 8609
1791 699
255 9108
4538 2222
7934 441
1695 3757
6078 9784
3969 1042
4474 7707
4921 3315
306 2569
5825 8740
2445 5670
5001 5331
4695 833
2848 8829
8441 2990
7880 8048
6450 2769
2269 3383
209 6963
6140 8638
7098 460
7680 4572
3166 9600
5886 1472
2521 6062
1563 3965
731 2563
2296 5778
7747 6495
4606 5540
4485 6837
1587 7934
1605 207
4668 9165
5169 4807
2803 266
6619 3834
3189 9784
8785 5426
1607 8305
6488 4169
7270 9570
7083 7917
7347 2830
6763 6305
7721 6599
1141 8307
7884 2746
1513 8552
8262 2033
5358 2416
4650 4976
7249 9839
1112 6034
5264 8718
6690 3103
3239 9311
4673 2321
227 4371
4502 4342
675 6222
3940 168
880 1824
8265 9392
6375 7526
3776 84
6942 6426
412 6190
4616 2523
575 4231
1592 5617
7334 6830
6927 6358
3503 8506
7080 3356
8847 7755
8578 3786
4274 457
3961 3538
201 8687
2063 3976
7771 1004
753 6534
2546 9368
4408 8472
3599 9351
5088 932
8181 5367
8641 8035
4872 720
5390 6718
2826 7319
5855 9099
2776 8816
1636 328
8502 51
4303 2624
7406 1056
1157 7303
1423 4564
7775 373
8915 6214
1656 6447
1580 1296
2833 5451
8016 8574
8520 3193
7893 5375
3644 20
6190 1279
8347 8043
3681 4649
7667 5087
6056 6175
389 8831
2739 4515
7203 1005
4081 6859
2803 8660
7506 4635
463 2873
2208 8982
3066 9100
5356 4709
119 4897
339 5817
292 6372
6818 9958
3458 8873
5132 198
6055 3222
4065 9610
2578 8145
7820 4380
4804 7325
8366 3618
1198 4926
2600 2615
6377 3307
8323 5848
2556 6013
664 3847
7384 8481
8156 193
8706 2639
6743 7760
6861 7807
4721 2790
7303 6540
522 9106
865 8887
5724 4062
5164 1675
1028 541
1981 6702
3740 9536
3714 4403
4734 1450
236 9889
4994 2941
5528 4736
3052 4740
1894 773
7529 1196
8664 1050
654 7528
5289 5729
8941 6452
403 968
1344 8735
7669 6083
1623 6735
6838 4356
5536 6073
7597 2529
4365 3124
1617 8768
2215 8862
892 1743
1058 9556
6145 3063
1083 1785
2791 1376
1236 2545
5695 7932
6631 6364
5014 2253
1450 851
2961 3985
7275 3557
5865 8639
3032 2833
7407 7246
5695 9650
3340 1752
6205 836
3166 2640
6620 9956
3015 856
6500 2709
5139 130
1424 9152
735 4873
1355 8047
7209 5981
8955 4426
8620 986
6258 8378
5583 8952
1027 6274
7055 3584
4110 8220
223 9729
4527 237
6936 7026
297 2074
3508 4721
1578 8594
1945 3932
2640 7506
8912 4594
7931 883
2931 9188
7612 6513
5492 9991
3138 1546
1574 6247
2118 9796
8976 644
2384 9263
6022 5680
7337 3881
1752 8914
8474 9049
197 9113
7554 9108
4706 8484
3343 1988
2671 8306
4500 8514
5296 3989
6412 1869
3236 2529
6016 2563
3524 751
4825 3545
8431 9513
4777 9534
426 6250
8582 7622
3714 5135
7082 1771
4618 5776
1758 7641
7081 2257
1154 2377
2246 2565
7597 2833
4445 8613
747 969
1363 3571
5865 2145
6084 994
3031 7861
3243 2964
4483 8957
7099 4916
3727 8068
7691 4485
2060 1123
93 4566
6499 5690
5482 448
8874 4927
4412 6620
6247 1126
3543 9463
7623 5978
8456 7653
1838 4051
7968 5672
4359 5066
3587 6437
3486 7629
8273 7897
104 6718
3462 4954
2759 2296
6401 3633
4574 812
3252 5820
2290 3146
8634 7912
2123 8442
8916 2961
5492 8883
7632 8202
2301 5571
3638 6138
5551 8263
6034 1006
5980 2848
6960 3738
4143 1360
2370 8716
3524 3974
7887 3165
4471 8872
4076 2594
1313 9343
7906 6156
6577 6889
8709 4877
3459 1699
366 8362
961 1400
367 4940
1599 1678
4029 2093
38 8751
160 7913
6724 4398
4077 2546
1269 8504
6139 6934
6846 7044
1441 8774
8933 150
1651 2743
1848 1016
4456 1808
5767 3175
7099 9365
6852 8127
7809 4241
3229 4968
5153 5952
4365 9581
6850 8986
436 9988
2919 8633
32 5359
6407 7316
2860 1057
7058 3707
7424 3866
4866 3543
2040 1316
6259 1891
8795 7068
4132 9023
4035 4636
1327 7752
4217 6176
8737 5004
3163 9007
6637 9546
1717 1043
4213 2577
451 9623
6635 6874
8488 853
416 527
168 9675
7769 4314
2742 1252
337 5128
6888 1015
7231 6456
7190 2319
1459 9704
1677 5095
5602 8394
489 8814
5322 939
436 9956
8813 1923
160 4580
7801 9328
4254 3922
3993 7347
4173 9681
5827 7412
695 4409
7867 7884
5728 1678
3940 4404
3124 9541
8149 5613
1354 6470
4551 6790
4778 715
8064 9937
8295 217
2616 5900
8138 5609
2599 9310
8289 4777
2722 5984
4537 6940
5219 2264
2969 4158
6020 8093
698 8520
7057 8404
6990 2959
7545 7767
1674 6608
7703 5320
8176 3319
5571 7313
5279 3521
7975 567
2297 6048
4550 3834
4339 3121
5449 4308
7278 1820
1752 976
8692 8808
7379 1681
8766 923
6799 1791
882 9853
3462 7058
1523 1033
4722 4801
2905 3696
8720 5554
95 4621
387 5434
8741 8187
2741 5019
359 4844
3346 3050
1651 1724
4082 1768
4998 3232
3911 9231
2084 3372
640 8959
4756 3362
5111 1661
6409 1830
1214 9504
6451 2952
8289 4191
8490 1029
4209 200
1224 1554
6249 5874
6629 682
7993 4978
6913 3903
3209 3349
7627 6848
4659 4382
6561 8769
8394 9970
2951 5959
7825 3401
5910 7113
3943 6400
6493 3152
2599 6716
4057 6200
7941 7038
2233 9285
5367 3498
4540 2575
1198 3166
775 1856
3899 8687
3976 2645
6008 3926
7603 832
7326 7513
296 7621
7264 5140
5124 3214
2855 8180
1765 7147
5569 8998
3432 9936
1495 2323
7862 5692
5840 988
5899 2090
1675 874
7734 4682
7800 9689
866 8477
5553 2513
3097 3816
2653 3220
8381 9507
5752 5498
2006 5672
2495 5789
1607 3341
8111 4469
1384 9950
3808 9282
3039 1482
5507 3125
1516 7658
2813 733
5135 6365
7245 8583
532 897
2155 9912
3756 5906
7409 9761
4929 6255
8549 3536
5947 3659
4356 1330
960 6163
2963 1998
1997 3470
3122 6512
7479 4286
596 3613
2650 6840
6548 7181
8737 6702
445 4492
4959 5205
252 6887
3460 6152
4774 7406
4810 1129
5088 9769
5644 8402
7118 3992
2223 9592
8503 5702
1877 450
4314 4527
5289 4213
5059 5025
5266 1503
5868 6224
1708 6471
8463 4519
622 6236
276 8783
1717 9715
5903 3712
8117 3021
703 6339
2612 4557
2040 6488
4006 7706
6366 2294
2918 5425
2671 5536
5279 5890
6759 9986
361 7573
6856 1334
5161 9132
1117 3877
846 5019
8940 6962
2039 1642
7653 7002
4550 1692
3842 7555
1749 7207
6200 4019
983 6222
7554 2262
3112 7664
4247 824
6237 9455
8157 5397
6586 2273
6625 3783
4644 5916
2097 1682
4557 6749
6036 6458
7792 4877
6012 541
8435 6563
8911 7418
6785 464
6679 1248
1127 8277
8071 9715
7731 4227
7111 2668
4852 7087
7451 6495
6002 3547
4528 6910
1295 9563
5367 5086
8791 7378
6978 9226
293 2888
8643 3077
2703 2673
5324 7830
301 2746
8544 5032
8972 9007
1699 6175
6093 4149
2669 5447
7047 7197
8356 4341
6111 5723
5779 3902
4452 4108
2479 9744
5348 2473
172 3050
3145 9847
2879 2445
4592 4775
8828 5916
1133 7879
4090 2577
5379 4759
5023 2426
2307 379
118 1417
6453 5248
2670 8256
4356 1148
1352 2703
4620 3523
8752 5116
1722 2983
5913 2313
6109 7740
5580 4241
1970 6670
2817 349
4780 1192
1774 2438
570 5891
3854 374
5139 1876
3629 6846
23 9332
4900 2995
3855 8003
4462 8928
1985 8374
6592 1445
4466 2172
1037 4435
1193 8854
4783 2972
45 3908
7761 7966
3151 5614
8691 3641
3841 9671
3486 3216
3003 6385
562 8209
1387 7023
7136 1724
6397 4727
3520 4214
7898 1557
5648 8442
5762 9783
765 3158
42 9525
7475 6192
8491 2165
8832 5331
7835 6669
4546 7189
6405 1107
3397 144
7482 2532
3219 9878
6259 7738
1443 508
8646 9090
6302 2407
3224 3066
5916 5266
6591 9390
3809 4081
8906 3993
411 6093
1661 4309
4281 6418
4767 8678
1561 6248
6561 1131
5477 1171
8868 9271
3679 866
8713 3332
8624 9936
5397 1540
3553 8987
7281 9362
6419 5187
8354 8830
3279 366
6490 911
1135 7608
3588 9695
208 3501
2177 9036
8671 6045
7307 2701
7910 3019
8032 6533
7306 2429
1424 859
7415 1705
6572 834
4243 6277
15 4521
1642 1856
783 6129
815 7723
2823 6022
223 3000
1410 5893
4396 6068
594 8657
4086 4625
5541 4743
1405 5965
1601 1172
4021 2172
8357 7263
8800 723
4135 1442
6930 9917
1570 4744
6639 9744
6118 5213
4095 8527
4106 842
4594 6051
3850 31
8027 7391
5773 432
4707 6726
6603 79
1249 6311
5341 49
33 5475
8842 5962
2743 1763
3057 5734
6858 4174
1946 3305
7700 8403
5146 3645
5453 9996
4027 1480
6738 1152
2263 9796
2877 6217
5874 3125
527 3566
2525 5911
40 7366
4872 7134
7480 8928
4219 3338
5454 165
4642 8505
567 7139
2150 9372
7134 8528
5203 7223
1679 5465
8370 7555
4681 3243
6032 559
4808 2908
469 2199
5626 4692
8685 2105
7971 4903
442 9424
7419 2083
5929 6338
3222 6430
8709 2707
8957 2911
7282 988
727 9651
894 2759
246 8277
2669 2405
1185 6137
1956 7810
3180 6640
1914 3502
2894 5356
3926 9313
4790 7206
6650 9363
987 7710
1422 1295
5972 1055
6282 1698
1057 7176
6808 6302
2452 476
1059 6636
964 6014
7797 143
4653 711
3644 546
418 2921
6210 2559
3126 1859
5274 112
4920 6695
8759 2891
1101 40
8588 1157
1567 1747
3459 9019
4222 2517
5006 5185
4882 9155
6679 7534
1865 5323
5431 8634
6243 641
8544 4721
3851 5817
8184 4771
8863 8942
1661 2963
2334 8601
3120 8900
2347 7930
5270 8921
5798 2628
105 1679
8782 5784
8564 7998
5458 6346
4983 2052
2338 526
4124 2189
6695 4308
3311 1557
8601 7323
4872 4934
923 1343
5834 2622
6624 4455
1894 2421
7082 1998
2451 8863
6133 2366
5860 7942
1711 9842
8994 2049
3720 3117
1237 9414
4776 3899
5322 3377
4221 8193
6310 3496
3887 8495
469 1510
8950 362
2282 31
1711 7084
2246 2844
1449 8457
7785 8160
4651 7130
4560 1370
6599 7148
7135 374
5046 4456
6750 2266
2001 8412
113 4887
8258 4581
4749 2559
294 3030
942 5
114 4187
7200 5914
5995 6336
8425 3645
8466 6984
7366 64
7131 8500
5789 5176
6308 539
794 8308
2302 5906
2546 4911
7839 2294
4470 8132
5324 6411
1136 1789
5949 7335
1702 5943
23 4479
1940 3488
2462 7305
2903 5593
3157 6691
3768 1464
581 913
6123 5234
171 5668
8145 9
6962 7614
7140 9637
24 2628
777 972
2314 1830
6266 6336
7308 9205
8175 7770
5862 6077
1362 5018
8120 481
6833 2700
1746 8955
6286 916
974 4430
924 8935
43 5415
5923 2418
2042 2699
741 4356
6529 3006
4043 836
3563 3218
5605 1424
5294 8318
441 4765
4151 5625
1465 2896
8579 1750
7811 5552
1531 1086
5839 4573
2500 5761
5342 4542
6812 9434
6249 9340
7791 8643
6527 7353
1860 1484
128 7506
2153 7920
6270 1303
2544 9734
3198 4474
3835 4360
6378 365
5445 7216
4289 1945
3328 982
838 4139
1415 4438
2830 9206
3080 2709
8910 4940
7192 8038
445 344
6957 4714
6647 5853
2800 2196
6326 4986
6556 6703
6703 2000
4270 9343
8296 5950
6325 3133
3440 7091
1922 6270
2648 7002
3978 5558
7293 9521
8947 737
8864 2255
2802 7862
2107 2601
8410 8433
6939 9317
487 5641
6316 1757
3983 7964
706 1659
448 4145
3750 1370
7766 1397
4723 2095
6306 3015
8615 3252
1751 7831
1507 1904
7044 9965
4857 8453
397 4795
769 6236
7435 5437
2992 1769
7400 2049
7428 7199
2545 2177
7568 5663
5925 9642
7757 3231
3656 5724
482 2758
1554 8340
4662 1949
305 5518
3402 3053
3312 4522
5288 7098
5958 3631
5218 9709
4031 8645
6908 4576
3173 1827
2590 7098
3469 4346
3328 476
3421 3161
7234 9974
6853 7895
8275 6157
3412 8676
2561 75
4197 1201
524 9507
8183 8741
215 3214
386 2474
7141 910
4653 730
1007 8473
8427 4686
948 7848
2847 2181
5173 5699
8427 2447
5207 9838
4474 119
4264 671
1319 9787
4529 8854
7880 5743
7419 2265
6569 8911
6526 5221
992 7533
7693 7418
218 2640
617 6416
5173 5790
1114 7599
7588 6672
4789 2062
8791 52
84 4461
2191 5612
5314 1070
6706 8084
6686 2274
3994 9211
6494 2985
95 7538
2755 5313
8530 8371
728 7702
6512 194
300 5100
217 9088
5513 7
2492 8948
4820 1682
7559 4133
3103 2264
8569 8788
6890 5562
2350 4735
8547 7445
4273 1653
109 8802
3023 7188
8503 6887
6381 8154
338 6950
8594 1850
3956 9085
8797 7775
4118 1707
7260 6220
7322 6828
5359 1211
7741 5708
6946 3639
7504 4570
4291 8612
723 1666
5800 6225
2552 9532
3730 3241
4481 4323
3442 9789
2759 2238
5563 6876
5296 2174
2447 617
5353 805
6180 4094
3865 4125
6084 8720
1046 9375
7332 4768
3392 3131
8344 2295
2014 8073
3535 5495
3748 6976
3283 8506
7565 9197
4382 5860
4723 1180
4828 3075
337 1007
2520 7553
3483 3956
1272 6528
4682 3603
3647 7073
1085 4990
8719 8451
6063 1253
6945 8162
7580 5579
4667 6496
4775 8400
7355 8849
1580 1534
7924 7916
2541 1795
3468 4023
2102 8091
7903 1783
8046 4549
5855 7482
5539 4573
6932 8953
6177 6228
7114 3108
806 132
5603 2933
6532 8309
781 4463
1843 56
7378 2383
2203 4197
7757 304
7639 9659
2087 6684
208 7293
4166 98
1866 97
402 394
4325 2515
7502 4482
4998 9456
5414 7529
2765 9195
7991 7607
3250 720
8989 3804
268 9097
7108 9907
2756 6194
2942 9315
5486 7107
764 1703
6556 1165
7449 6232
6031 8302
1713 9028
4757 4479
1909 5521
1673 1251
3127 9274
1971 9467
5078 9590
5564 3537
4848 3671
730 8790
3337 3215
3248 5100
8270 2155
2616 9718
6386 2646
1019 5451
1673 5775
929 933
1648 9953
8184 7126
8578 506
2593 5007
7095 1508
2543 2295
8530 4624
8084 866
4191 9683
4317 5460
6838 4932
7529 6575
6577 9547
4377 5601
2673 4657
6534 9320
8961 5069
3798 2891
1574 9390
7897 2020
249 2792
6314 8778
8415 1749
8995 1605
8784 8311
7064 5973
2242 4944
5547 7170
2490 7276
2770 2515
932 5655
4186 9245
723 983
4135 2648
2724 6383
5668 3972
8174 5333
101 2941
3082 1447
8545 4865
1757 7961
6837 9350
6904 9735
7519 3746
5362 9289
6612 5294
5295 797
1890 8370
7132 3024
3017 4855
3758 5684
1179 4932
6369 631
5224 4450
5078 8768
666 8186
6080 2854
5536 2336
2940 4054
8081 2302
2694 8692
5595 989
4840 4836
8710 3971
8211 6726
1178 9968
8762 6708
3251 6130
7338 5474
3931 5767
1594 2596
4953 3673
6801 1488
8 740
5541 8440
41 5235
8483 6987
4575 9323
7822 8284
4645 6032
4361 4822
7352 6474
2881 3602
7603 5219
7428 9533
1985 6021
4480 4937
5045 6632
8424 8405
372 8317
7844 412
7903 6679
751 8829
1 5572
2464 1997
3956 4824
5171 307
8298 1051
1260 252
269 5687
4137 3606
8707 968
6542 7752
5600 1318
4508 4971
2986 9351
3734 5888
8029 5484
2716 8381
1408 8179
4730 5363
354 9900
5021 651
8950 2280
1255 3571
5967 3391
6176 6025
2358 2069
5128 1957
1738 2635
2279 5723
1338 5013
6610 718
1496 2677
3099 7903
2855 5828
5617 6561
6079 1637
211 9380
5269 817
950 8235
4207 6477
2611 8565
2898 7091
2873 987
5725 152
6710 8062
2164 4671
2132 2011
8348 582
3914 4554
7761 5882
114 4839
8519 4677
8218 7787
5493 3520
4373 6052
1996 9335
4616 1245
425 7840
4232 2502
991 8941
7915 3154
963 2046
1517 7310
3627 7782
6216 5387
663 5681
7225 7533
7709 795
8671 2202
1314 395
2253 4309
5730 9220
5554 6154
59 7785
655 1402
77 1922
7907 3039
6967 2423
7701 6594
3204 1268
3980 219
5948 8557
7751 3657
3351 5774
6210 3664
6168 6814
5324 5897
7385 6229
6403 5795
6365 3409
3196 3441
1330 8103
4832 5649
8877 5884
7242 3433
3151 573
1651 4098
5481 7753
2106 4831
2526 6315
1846 9694
2480 5522
8942 1864
1102 6696
5659 8467
5457 1206
2259 8138
5660 1090
786 2537
7973 6027
3321 475
4952 5971
8573 8432
75 5030
7615 3601
7345 4460
8646 7176
2333 1587
8040 4435
635 3050
1901 1091
5607 7511
1228 6267
5953 3014
5155 8277
7392 7475
1752 8343
1797 3324
4775 9871
353 2741
4471 6049
7552 3116
577 9885
1055 4968
1671 5689
5369 3571
7779 4975
2433 2358
1593 2385
8371 9099
1662 763
3573 9413
7457 2721
2088 8583
4592 3792
1323 2414
2193 4875
7882 5769
7111 9288
8736 1781
7976 1456
703 8106
4430 9135
7815 375
2520 2186
7473 8533
2300 6046
2297 4756
2118 9736
7691 4061
1527 1013
1475 6071
6239 4708
1191 3349
3995 5278
4129 5322
733 6831
1779 3163
5318 6593
8537 3837
5130 9361
6721 4429
3758 3017
5537 6876
1752 5227
936 2630
1591 3762
8053 4830
6469 3243
530 8815
7521 9659
8136 5253
6841 266
1767 5158
7859 4655
8346 1988
3016 4066
8769 5773
3434 4657
3648 2537
4235 9936
519 8825
1697 6571
2006 2166
6165 4536
6980 4685
4546 1468
1290 3386
1733 7408
2896 4943
8063 241
8283 2430
5659 6051
6202 444
8059 7202
6333 3293
137 851
117 7185
3773 8475
7350 9937
2010 6682
5622 3555
3501 7263
6292 6233
4670 8187
3176 6732
8780 4458
513 5438
7860 67
2881 3918
2268 5213
1210 756
4415 5678
7940 6187
7152 3642
6476 3513
3675 3449
1419 1175
4711 3063
759 5380
5249 1286
1464 2380
3743 328
7817 8954
3394 50
4223 7661
5614 2784
2768 381
7814 9060
3919 5317
53 5394
830 5727
1842 8600
8253 5904
4662 7011
4284 9263
1297 6099
642 391
2426 9459
8697 6820
4860 1271
8832 3825
4055 1952
6205 8868
8011 7124
3536 6415
2517 9365
6493 7711
1317 1745
5614 5978
3107 1249
4240 9755
1347 6882
4146 125
1692 2194
4296 4903
2464 479
2727 3870
1430 2932
6737 9792
1055 3273
558 8923
2989 1050
2633 3305
1146 247
7635 4253
6495 874
6007 5194
5107 504
3670 3150
6049 1317
8052 2513
6795 3131
3382 577
8062 5471
720 2468
6095 9278
4742 435
8327 4375
8092 9473
3973 5726
2077 8819
6951 435
4012 7058
3939 2033
4559 6339
1349 4611
6851 1496
2741 1585
8424 154
3407 5143
2973 8501
7772 6714
4287 1099
3440 5378
4923 8412
1103 6999
6231 4054
3433 7594
8463 4723
979 4021
3062 5679
4983 6264
5174 9075
3200 5597
1580 7606
2092 4552
4458 7863
3266 4097
5313 8705
474 2235
2469 6929
5585 7051
4334 9370
1996 4796
2092 6974
5168 1505
2653 6503
7121 9826
929 4672
775 7509
5278 8866
7060 1087
1080 9677
4183 8393
5382 1009
4979 8202
937 2564
2252 1622
7933 6247
3769 2376
7221 7936
7233 2225
4790 705
3402 2719
1376 176
8227 4005
4393 2286
2092 8473
2315 6626
217 3048
2986 195
1249 1922
6758 2852
3895 1042
5098 2663
1418 8670
7599 2
7894 7740
8706 9296
6458 6081
3823 7036
5086 1216
6674 1529
2040 3988
5506 9256
5035 8492
4802 8283
3413 8560
7134 308
2953 6583
3322 9370
1253 6272
1371 2498
12 6428
8793 4469
8509 3968
505 8946
183 3530
6474 7574
4517 1331
8181 4551
8822 8982
4185 6587
3893 6670
5246 9846
252 2567
2215 4856
7839 4938
5354 2850
5717 5498
2670 6577
3465 1526
4522 999
5055 2347
6924 2571
8678 8104
7473 3499
1086 2657
85 978
2326 9682
175 8930
2249 6390
7785 1087
679 7490
6288 1747
1340 309
6324 5156
6835 3845
3155 3241
7544 7430
7164 6221
4534 5636
4071 8971
5645 2508
5300 322
4189 3475
5251 789
5216 9388
4875 246
2877 8514
6992 2568
5823 315
3724 7009
6160 230
1249 6703
2659 2412
275 9544
2400 1697
7514 9044
3204 4814
1717 2745
6640 4968
8533 855
5707 1760
6100 3935
1273 3091
7503 9095
5758 4226
5455 3917
6455 2704
4971 8465
3467 2597
2009 2218
4293 6522
8613 8497
1687 3330
3241 2326
5649 4773
8532 5355
1884 631
8289 3157
7074 5791
7603 9831
16 1058
4099 822
8113 3421
1287 7931
17 3647
3149 309
1168 7761
157 4207
1442 2749
5884 2090
874 2416
444 6757
8398 6733
5913 5823
6523 4868
5005 8891
3277 2103
5064 2389
3875 1702
2319 7891
4348 6819
5552 1868
2932 9708
3074 8373
6457 8957
2463 6330
2724 7906
7438 3474
8990 9351
3296 9865
3570 1301
5107 2846
5755 1170
234 1630
2224 1904
1872 4571
75 423
438 6006
1483 8863
4730 5291
7172 1192
972 1895
7450 7409
368 2791
3759 1016
8655 3680
316 4113
2525 8422
635 1758
4051 858
14 2275
428 5088
1697 8218
445 5531
5432 8174
5821 7603
718 8792
1850 7519
6201 1217
1309 9311
584 9316
2991 899
428 9515
1673 5062
5625 5723
3919 3990
6349 7699
429 7046
6268 2873
5928 5699
6046 9749
3654 3115
540 5503
633 1092
5071 942
2403 1655
257 9745
3905 36
5611 4577
8098 9587
8652 7368
2576 1000
8418 9004
2397 37
3876 3325
5736 9274
8425 1741
2388 4316
3243 3021
1408 6665
2314 2162
2319 570
3906 3576
605 3868
152 2054
6455 1155
6422 7030
507 7191
386 2903
6228 4261
8579 9315
8886 2003
7055 8626
5319 4649
2646 8078
4313 1959
5239 5984
4880 8496
7559 5836
4363 4062
8890 2169
8569 3663
8199 75
6853 1584
329 4432
1196 1908
1746 8434
5262 1152
7059 2932
4800 8704
3009 7113
3014 7599
4096 2245
3094 9006
8080 4809
5067 2321
3977 4635
6335 2527
2061 9540
6462 390
2971 9010
8649 7717
3443 8910
1868 4501
1194 1020
8556 9202
4132 6569
7153 7579
5165 5598
2936 9596
3406 6002
6917 3735
989 4251
2613 8049
5790 9427
2790 4113
2436 3438
8181 5878
7348 7048
4730 541
2419 6285
1094 2550
4205 9246
480 4369
6844 9415
1964 1601
8769 2232
687 5109
7835 4300
7509 2976
726 4299
8088 2161
3736 5268
6390 6435
5668 1119
5327 3086
3755 5773
2988 2959
370 4819
8327 2565
4234 7642
3166 2354
2226 2204
8462 9060
4503 3322
387 6580
5620 1827
3092 1708
4094 5833
3494 2113
8951 4173
3551 705
7297 9890
15 7666
4708 7341
583 5293
4335 748
7646 3912
4951 1459
4971 5806
8781 7709
6737 8752
8535 3829
6811 2981
7661 7657
8093 2964
4829 2995
8668 4477
3884 3683
5494 7592
5375 5076
5884 5061
823 6882
1972 5126
3692 8294
7283 5824
7003 6019
928 1889
5847 7738
4869 5860
3746 6314
6823 3574
1308 8842
6402 2192
876 2896
2135 6251
8971 5370
1663 146
4603 6635
7623 3295
5280 8905
6470 3634
8275 6397
4523 1122
3487 391
4333 2232
8056 2155
4158 8716
5996 6559
2907 9872
4454 3393
1474 3777
7762 136
8922 7365
4122 5544
11 4402
1800 2480
1035 2074
4877 9909
3547 5715
652 2879
3946 9707
1033 103
6422 2381
7014 5680
2252 8819
72 1077
1595 4186
1564 2868
8550 686
3763 8560
3439 5562
3391 5825
3988 2619
4734 3534
2333 2385
3765 2631
2443 7797
85 6865
6529 2098
6544 5132
6917 7968
7208 9863
153 3772
4731 54
2809 3845
2965 2247
8759 2355
5423 9746
2974 156
8631 9658
3892 2395
6288 7335
5544 1373
6199 3072
1822 3094
204 7090
5061 763
2953 9565
4534 6035
8618 1694
1879 4582
1940 1989
6289 8363
2734 4614
5870 1365
271 3762
3111 2911
7096 6654
7635 1646
2726 456
2739 7929
6546 2152
7691 850
5068 9577
2884 7686
5270 3114
4619 1562
1103 1907
276 3188
8520 7497
904 7143
4258 1015
1053 8705
3668 687
1350 7393
6494 1441
6673 5039
3944 6716
8240 8011
644 5475
2048 265
1589 7019
7826 43
3277 4453
7582 1797
8950 486
6291 9559
852 5343
1264 5519
4381 4965
8264 9874
7757 7288
3265 2700
6003 3504
63 2998
1979 9110
7263 3919
3480 1440
7313 7757
8893 9894
6905 4194
2731 1195
7752 4582
2537 8367
5453 5269
6332 5716
3494 6088
5355 2758
5140 9710
6614 2202
3707 1592
4663 5969
6862 143
5409 2174
5899 9653
8419 3803
8846 5150
7997 3949
3083 7885
2316 2535
505 5647
1602 998
2086 3957
1756 3225
6666 2721
778 6372
2664 9441
693 2525
4583 2453
3050 3833
6105 5820
8987 2302
1969 5335
8250 3404
1571 8565
8290 9075
7563 6892
6072 8649
7848 179
5225 865
1899 3
1588 3562
8795 2280
2438 1729
5732 3487
561 3188
5307 5899
3489 6627
585 1739
4382 7155
4303 8672
4229 866
4563 2652
866 2762
1183 442
3626 2081
6796 7213
4995 2590
4845 4432
8318 6928
1271 6230
8116 9929
1480 5604
5907 6064
2694 9289
4218 3997
4960 5798
7214 9874
1802 3431
4987 3984
6224 8964
3416 7020
8528 4410
7961 8372
4194 6631
3300 5816
1860 5415
6744 7692
2370 8650
2755 1064
2290 3325
412 8601
1122 8977
8826 3923
1407 3812
3258 2630
1775 6674
1 5303
6083 1962
3026 2628
3592 5325
1443 7803
6091 4186
3494 813
188 5601
8228 9829
7925 9639
4430 4398
4615 3255
6673 7373
6419 8930
8354 6193
7603 2355
6847 6686
4668 7873
3313 5611
4549 4108
5765 2992
1293 1611
4804 3832
1211 2031
5013 2487
1021 4794
3884 6635
8400 1556
6359 7818
2486 6712
2363 6088
2418 8209
3125 6085
7433 4790
1047 8334
5897 7812
8325 3541
1774 1480
725 2984
5510 3737
470 7882
3530 2353
516 2929
3261 1226
6099 746
937 7461
4185 3355
6021 2310
7791 806
2099 190
2139 2347
4001 6815
887 3774
294 5963
6109 1803
4699 4930
684 4580
8282 551
5861 7542
2776 959
5639 6064
8771 7824
1770 3143
5485 1561
2300 9935
6750 9438
1281 6102
3252 4519
2227 4545
7482 5687
6699 6532
616 8734
6112 4249
636 1324
6143 3763
3282 2781
1827 3404
956 5596
898 3440
1508 3198
2374 1609
7635 5654
2062 5239
525 288
135 7006
7326 5186
8537 2941
8919 1000
5190 5907
3323 5332
7669 956
2464 9495
4359 1420
1443 7257
859 4950
5806 4585
8559 5792
4238 620
1030 6762
3260 3517
1119 9585
2702 8
6878 8972
1007 2419
6878 3330
2750 4547
5637 8565
3393 1348
3336 1835
956 7547
5137 1761
2131 9695
8552 8720
3666 8582
5834 277
5450 1952
3214 7151
4959 5091
8122 9318
1509 7352
7647 1610
8898 9635
1526 2290
8982 2862
5477 5937
6408 3613
7697 2538
3659 5249
3257 2676
5182 3090
8953 8631
4394 5518
7133 3352
1608 4606
1021 4468
6957 8019
8429 3854
7654 8954
7496 8635
5815 9324
8572 2222
2936 2268
111 8946
5516 8720
8621 4049
809 925
7031 9554
6442 1163
258 7049
8769 8278
5868 7725
7297 296
1931 3950
6250 6778
4584 7416
8101 7155
990 5388
8775 7100
3333 9642
1819 5953
1691 3980
8878 2721
2533 3319
4884 2790
2720 6004
4068 4587
8728 7364
4883 8010
8313 484
5787 248
8899 887
2755 240
1626 9529
8340 6958
5170 9510
5263 9212
7489 6140
3933 7022
8810 2168
1163 2529
8171 7230
8468 8250
4945 4702
4260 8609
7537 1046
2857 9435
3285 2611
3027 910
5491 3366
7220 7660
875 3482
5872 2716
5973 5156
6737 1782
4323 5899
5663 1845
1481 482
6094 425
4183 2705
5386 6719
8751 594
7505 8387
8556 8531
2648 8046
1248 9867
4057 1123
4348 5280
7838 9320
5435 9926
4454 4109
8176 8116
7953 8008
3597 2399
1785 131
1103 170
5201 8853
3763 5705
7591 318
2588 9239
5715 8835
8457 6771
3309 8805
8051 6498
2476 2485
8775 8281
8946 1303
5396 8898
3310 1344
1296 4094
8826 2751
3263 1026
6955 1377
6083 1546
5046 22
4136 2760
7208 2592
8883 1517
4748 7933
7366 8576
769 3493
8856 6066
795 9604
5964 4104
6299 2611
198 5125
4361 8812
8502 3316
2541 5584
5213 4586
8957 8348
6698 7165
1291 9580
6033 5039
2864 9398
7966 6984
8890 6821
8050 4036
1424 4365
2140 75
6975 2689
2199 8688
500 7700
8355 8040
4636 9567
7978 1592
2266 2675
108 1556
606 140
6946 8821
1538 2911
1804 8779
2084 8853
5815 8859
569 7306
5933 6544
4994 4131
4583 7845
7183 9937
3237 4170
5855 1214
2113 120
5240 7221
27 5197
8360 973
4017 3249
1235 9820
3380 6318
4025 7546
4177 4593
2851 4109
488 1196
6592 9070
8040 9126
6358 1276
2295 1212
4489 1759
8683 9080
1331 2062
1276 2691
1386 8292
5291 9620
8464 670
3290 5840
3567 3818
5432 9417
3278 4272
8964 8869
5693 6004
346 5051
1279 3992
3614 6120
1751 6649
1199 1081
6710 5827
1123 8095
5118 8766
1714 4933
3435 6355
2772 354
7172 7556
8122 4450
8827 3086
8670 1519
7089 4016
5921 2719
6359 5535
6190 6461
1183 6741
8542 7244
4567 4016
4338 3036
1781 9403
8969 8568
5758 8740
6921 2281
8295 1394
82 4473
2479 9104
1992 9919
3471 8912
3638 3829
5798 4179
6290 9332
2919 4183
575 3485
1198 8264
5521 7331
5667 841
2898 9776
2932 1170
1056 2227
1563 1490
5051 3394
4593 9042
8312 63
3306 2301
8891 5103
7480 532
1787 7398
6714 7361
8883 9264
4625 3755
5594 9643
5595 8843
7418 526
4012 7825
8104 8926
4314 8507
4319 9906
8548 5631
5320 8205
1283 6563
6660 762
6094 446
1160 8160
8158 5394
6423 9782
7500 4016
2424 6446
6210 5193
7323 9221
4018 8779
1498 8683
5285 6817
2941 1184
6799 1260
2389 3081
8174 5400
5195 7620
5845 4706
3779 2
8451 3201
6136 1950
1568 1911
5747 2777
4104 8069
6349 6473
7847 2846
2155 483
4662 6447
3667 4812
8059 7407
7893 8232
806 4439
851 8650
5144 1629
3 5594
3181 1138
2543 1100
401 2289
876 6504
709 8576
7328 3556
3422 834
7390 7435
281 2056
5247 1339
5462 6491
6570 2267
2929 1773
1268 6424
401 2271
1017 934
4760 5911
3033 9160
6551 2261
7015 1259
5836 7694
4166 8609
528 1556
396 2160
4611 994
6498 9425
1836 9419
2043 1116
3543 5311
7539 944
1933 9555
2229 44
6817 6613
6556 6367
3873 7570
8977 6061
4616 5143
2021 143
4050 3416
3302 3012
5409 2151
4436 8244
5921 6831
6711 5464
4493 3249
1759 2425
2155 987
7820 971
6599 4375
1689 2824
7297 7666
3236 9912
5808 6256
8054 5857
7672 8707
6868 432
4209 7656
6028 5129
3486 738
7944 2978
8987 9702
2754 9493
2040 6925
8464 991
4300 4152
2166 9596
169 5401
5507 976
1656 5912
4184 7679
7970 8404
8111 8178
5411 9490
1658 6896
6227 2954
5225 565
7655 4330
3058 6047
4254 6873
4037 2553
7376 3554
8500 5545
8954 4358
1872 609
1621 6056
5640 7590
2811 9102
1119 3221
4591 1777
8116 5169
730 2692
2734 3736
7021 2143
1134 4626
3015 9522
5531 2742
6075 2030
6286 2028
4740 1158
4989 9360
2565 3628
6950 4375
1081 5420
4595 7671
8196 4062
4839 8277
105 4924
365 6477
5418 4498
4102 8784
4020 4632
4526 3446
3014 9811
4474 5753
7320 814
2464 884
8441 8413
3610 9873
5833 9204
3543 7380
6617 6733
6009 2721
1657 6725
2197 1426
2574 6651
1210 7945
4282 1735
2391 647
4897 3216
751 5217
2029 4215
1452 4821
979 4062
5693 9163
1617 2235
3895 9234
3319 1255
5954 3327
1979 7503
6753 1904
153 4962
5849 1786
4696 7591
6433 4592
806 1535
1160 4834
5101 8612
1654 1080
5025 4346
1242 8641
4932 9488
5874 4602
742 6180
7929 5072
5682 2681
1976 7834
4642 6824
7619 689
1766 8403
4632 1571
6938 4144
5404 2038
3107 2409
6469 8131
106 6063
5771 6037
7550 997
7990 2644
176 4918
5715 857
950 4690
42 7943
3865 4660
631 8630
7415 6615
8200 5704
5758 2955
3093 9864
6363 3562
7994 8468
2976 1116
8856 1525
2112 7846
7168 5639
3115 1883
2847 3065
8924 7888
7007 789
7900 9638
418 8314
7604 5970
6369 3361
7924 4461
4224 4287
7374 7569
106 349
36 6314
226 7148
5159 8745
8138 3273
5979 1985
3337 9903
4872 7344
691 8771
6333 6460
7436 5936
4429 3804
6648 1353
2617 8871
5991 8990
8791 1096
8691 7826
3409 3916
8325 7919
4660 463
2544 9639
447 232
4893 8670
1927 2935
3793 3611
1394 7228
1546 8175
4384 5193
6527 2000
7415 7869
5341 9557
6964 3031
1735 2725
4946 5059
1995 5958
5873 4538
5948 671
5122 7840
6341 5048
4774 3133
3659 6519
712 4556
6693 4095
8101 571
446 2867
2439 9787
8424 3755
8169 2510
2831 6115
8568 9825
8424 5793
6715 371
6463 1836
7210 2155
7235 5335
8639 1893
3853 8351
1801 2898
2797 8901
468 7595
4767 1907
3733 542
7013 2901
51 4843
7015 6971
5667 7438
6115 1733
160 5577
920 8721
2084 3155
2407 2074
7399 8612
5776 4199
2509 5573
7451 4976
6519 7570
3234 3251
8463 5246
4151 7514
2088 1518
2836 1107
3307 9950
5839 9467
878 2759
5539 2313
3265 4946
8387 3663
2557 1162
1862 5065
2086 3664
5392 2604
7233 9626
854 5696
7223 8357
3561 7663
1874 396
2769 5180
3697 7959
5998 4926
1069 5537
2239 9333
1482 7977
5996 4038
4138 7209
6454 8576
224 1845
3179 8457
8822 3385
5152 5397
3741 3712
2059 7966
3459 8179
5497 3507
8137 495
6432 9558
2383 2022
1890 2864
4998 8237
5253 5488
7797 8706
1063 9021
2902 1593
3829 4724
2977 7980
7120 3069
6043 3178
7034 4853
8708 531
8711 3844
3377 3142
2753 9759
516 4995
622 7865
4583 2226
352 1380
5931 3766
8752 7832
359 580
8907 6687
911 5378
4756 9305
4555 7141
2157 2614
3671 8867
6810 1399
5360 2562
1157 6227
2556 130
6092 7139
2355 3795
7870 9637
2561 1621
2821 2919
8552 2727
3605 3462
7105 5712
2118 3011
5853 9626
1625 6875
844 8434
2274 9555
6347 9430
6782 4903
2560 9873
4393 8266
5019 3262
7903 7579
8234 1723
7849 9785
1801 2806
5598 5257
5517 5067
3620 1369
6692 244
244 9535
2029 6517
2089 2375
3298 4870
5629 1857
1094 2021
5475 1113
1634 4377
2043 9219
3451 1892
6003 9603
697 4952
8860 3213
2370 9479
5934 1061
6074 9177
7595 7454
6045 6036
2180 4342
4257 9809
3551 4703
6181 9025
8815 6167
1753 7209
3385 8555
100 740
5157 148
4043 9368
1713 8413
3198 646
6473 1271
2174 6420
5724 4570
6807 4904
5911 6063
4064 7813
4765 5596
4189 2931
3762 2941
1140 7147
5847 5591
4886 6004
3091 9928
1723 1803
3692 6921
800 4165
5191 4973
936 3267
8542 5742
4522 4804
804 5585
6969 8921
7180 2157
4851 9294
5450 8342
6440 5648
8285 677
8003 2375
5956 9726
4529 1648
5646 9328
8164 1188
8300 5451
4806 193
5192 5327
5348 9347
6263 6668
6267 4795
177 6470
1088 2978
163 6879
2625 7799
1907 6628
8173 862
8705 701
5861 5702
28 7376
1889 679
8826 4047
8223 369
4373 4923
5716 6636
2590 4334
782 6766
6155 1869
5743 8318
6747 8368
3116 2653
7347 2641
4866 4051
693 5079
752 9721
7806 2992
3751 1632
4038 326
1000 2763
2248 8067
7398 6837
1753 3531
4955 5907
7399 9697
2576 497
7416 6692
8501 2114
2684 9366
1164 5376
796 2267
1448 9602
8259 4551
4585 8648
2876 5936
6410 123
4355 7159
7311 9107
7689 3265
5013 6087
2314 5589
5935 81
1632 2435
1195 667
7153 4710
5042 8948
7977 3842
4901 8587
6392 8837
5234 3267
773 4996
2741 5127
2154 3051
2233 2843
1668 5597
4281 1981
3185 8216
2061 6168
6650 607
3834 5154
317 9228
1102 8645
1069 5354
1231 1460
1191 816
5078 8963
3811 818
4441 7965
6220 1025
4159 2887
8621 2439
2867 7806
7006 3280
2325 4008
238 7159
4161 5554
738 9614
3550 5806
5968 7780
6617 9158
5948 4694
6472 758
7863 1264
4074 2082
3288 8584
3969 8908
2375 6187
3065 4380
3818 3390
8739 6056
8900 3900
1961 9637
6513 8511
8794 4832
7642 5410
5341 7589
103 4812
2699 1965
2075 6124
1398 4714
708 5366
5622 2082
6905 6686
813 3722
2427 7552
5777 3326
1803 4090
314 1315
1600 1107
6499 1593
3868 2839
2182 2970
3003 232
286 6429
3707 1684
5143 7414
4401 4764
4847 1305
1449 5012
1379 4228
915 7507
905 6717
596 3219
8383 547
7677 6881
6140 3545
8720 7673
3866 3722
7904 4152
5150 6962
3187 1292
4376 1939
407 6574
7244 208
585 974
435 499
1480 8339
1567 76
8909 7950
1622 8586
6830 2761
7482 901
4433 1347
3974 4688
3850 7476
650 388
5119 2377
327 7526
6302 1922
2085 6887
1895 8519
5737 1374
1209 7304
2801 1118
5605 8423
6055 2786
535 4536
4687 4320
4234 1012
3007 4084
3487 7008
3471 3606
736 6797
2483 1038
6070 1567
2276 7964
4437 4364
8690 9645
1019 3490
6762 9623
6912 3168
7409 5799
5703 2447
7118 9937
6458 9124
6372 1945
8484 4842
6902 8219
1991 5736
7256 9412
2302 3531
4376 3738
5895 3065
734 2265
6554 496
1888 4818
6015 4296
6616 4070
7094 733
7358 6551
3208 729
5495 8691
2922 6748
262 6264
7483 8869
7676 6136
5400 3051
4873 6646
4467 9607
1262 5372
1454 7149
7541 2820
796 3508
4889 889
4592 7246
3440 6800
7974 2286
7842 6248
7034 1455
1511 7868
1324 8186
1004 9075
588 228
1072 6406
8834 7333
8130 2639
5482 4670
3459 2277
178 8699
2518 8769
8945 6957
920 270
3242 114
4517 4627
2568 5380
1495 1891
917 2850
7965 3857
3077 3036
1262 9263
8721 4743
5253 1202
4413 63
8830 3942
2762 9347
4062 4706
8303 7334
5327 1897
8447 4196
4875 5366
7927 1721
609 5843
3570 925
5051 7647
3313 2665
4261 7033
1407 1513
8234 3171
6576 4415
5112 337
7762 2526
394 6416
8859 9072
1664 3657
1267 7539
5022 9193
7611 2630
6388 181
2555 7438
6179 3867
3454 7439
8899 3861
1951 5484
8031 526
1898 495
6214 3659
8020 8607
2427 2878
679 1090
4534 7297
7980 1907
5842 591
3537 4229
8771 4443
3018 1301
309 4472
2091 5559
8684 4041
394 1714
919 7291
208 4484
302 5227
8443 3728
4456 3473
6817 989
5769 9797
4248 9962
739 3784
542 3861
2226 4912
1161 2886
7383 251
3796 418
4643 2189
3131 7913
3831 691
4749 3132
6269 8191
6859 3077
1663 8028
5417 8783
5176 9664
4745 914
8447 9286
3774 8024
6197 6286
5261 9931
2888 2056
6348 9882
1596 8831
7795 6427
4873 6543
558 4493
5085 2769
7569 2747
4148 7986
8881 7675
4649 6625
940 7448
7263 6065
6823 2811
1702 9084
3742 1589
491 9441
470 4439
2623 5616
4865 6847
6510 6774
4340 9594
4894 8908
6692 9393
4245 6573
1419 7246
8549 8358
5045 1811
1774 2867
8622 9475
3302 3715
8063 5793
8155 8885
583 4130
2500 7447
3976 9362
5572 2315
8955 2818
8575 7647
2562 7171
1571 1981
7416 119
3690 5460
7930 7464
3679 2903
8938 2980
5617 4353
8124 6123
2237 1706
1252 4088
2504 1228
8449 6076
4542 8756
4245 7468
754 3806
2639 3324
1786 5406
3442 2476
1866 1723
1939 5544
4625 3228
875 1241
1932 9999
3364 3520
8704 3967
3608 7208
7194 7408
7635 5088
6163 4879
1555 8916
684 3545
239 4470
8951 2033
7945 6168
755 3235
2063 4732
3814 2937
1324 6746
287 6039
7265 991
4006 7872
2198 5199
8632 7832
2286 4146
3710 9193
1062 1393
89 1652
4214 8039
6036 5510
5558 3791
5096 4972
6874 7910
5261 7197
5655 3547
1236 4919
5537 3241
3143 9086
4791 7126
5917 1429
3271 5978
5621 684
8723 9709
336 5936
3100 2371
1798 1009
1513 2893
1981 7386
4154 241
7583 1808
3787 4170
2079 8324
2410 8573
5409 8552
2698 678
8980 6968
6655 600
7652 6729
8661 6339
5017 7112
61 6814
6120 7574
2058 4100
7311 3212
3692 2245
4371 4479
414 4449
5154 175
21 2914
4727 5070
7591 8706
3390 6598
7658 2393
6326 2318
4731 8694
4781 3791
3859 3900
3716 7917
7352 9027
480 5043
5271 8850
521 4037
2299 5026
3211 2671
1940 2937
6093 1530
3643 2482
479 3652
8874 4157
6969 9956
3850 8101
4098 4709
2000 7814
1977 6351
7192 6456
8746 814
7305 7266
1202 4955
644 5413
6626 6583
3349 1718
464 6343
1551 8943
3994 5424
5099 2314
731 2300
8414 1828
5008 8766
993 5984
5468 5536
6791 9213
6350 4096
2831 3903
3050 1474
315 3027
6056 4016
8096 2519
2710 7998
4813 3056
8421 911
3369 1503
4563 2135
2331 6570
5252 9323
4906 8719
8859 7696
4284 7560
5143 7114
5814 3545
7939 7129
923 2994
4496 4019
8864 4205
7016 9677
2260 1789
2939 8981
1291 6501
467 2973
5423 4718
4296 4680
4788 3506
7727 4071
2417 6870
4536 5230
6766 2474
2710 9688
8467 6205
5058 3683
2762 2074
7711 4021
4214 6649
5353 9856
6502 3171
3829 5276
8888 1476
7955 4028
4333 5033
8450 5101
5254 1986
3330 5019
7459 5392
1707 6278
1596 4764
960 4709
7189 6022
6730 3402
7670 4434
2610 8523
3605 2438
2798 1844
2913 104
2871 1597
3137 321
8697 3390
3658 3378
8761 3116
3769 9467
3745 6717
5582 2056
4425 3771
8077 6506
3524 7099
6292 3133
6621 4896
922 5771
8091 2186
3226 5314
5782 7362
7986 478
3104 643
5856 1864
4758 8976
1682 5855
692 8263
7910 3469
8385 5987
1974 1909
8437 7265
6393 1409
6512 3315
1179 1603
8500 9405
4916 5634
8118 8901
8111 6573
6543 6318
2436 9652
294 2469
2858 985
6084 9768
805 5468
6106 779
5728 1542
8395 1473
8950 2907
7787 6481
8861 6638
237 4128
7271 5354
6028 4734
5279 8922
6051 6714
6925 6344
6535 6783
4681 2618
8902 4485
85 5007
5615 8165
8900 6010
3637 5849
8268 775
4681 2480
4412 917
7607 6035
1623 5986
1120 901
259 8170
2966 6183
1866 9500
5317 898
4117 2218
6734 6554
8576 3349
4718 6475
5710 4354
5676 7329
8128 3708
7808 8891
3625 2766
7277 7247
5751 4748
499 9
1270 8464
1543 135
3964 1860
4384 6432
429 9117
4337 357
5465 4054
3183 4526
5759 8210
1854 6238
4918 8013
481 2894
1778 9109
8492 9528
1857 990
4536 3126
3453 2079
3612 3768
1290 6995
7552 718
1111 5888
5426 4928
294 609
3453 7404
5818 7659
5642 735
671 1474
4980 6449
8582 6471
976 4438
4460 1864
1915 3265
8942 3526
1032 583
4520 9935
6652 2983
8823 5078
6910 8468
2686 3714
871 855
1372 5864
4942 7043
7337 7921
4491 4271
5392 9466
3060 1851
8329 8975
3467 1622
1500 4851
1556 9372
7785 6208
6354 6959
2285 263
2426 3322
2976 1297
8176 1700
4512 2117
3742 7201
2390 2232
4471 781
2049 6530
5983 5730
856 450
1703 4356
2300 2259
3079 6436
8818 2432
3395 2454
2046 8820
1775 9373
6468 6302
4072 9980
8771 9813
8532 1160
4396 5002
7292 6445
8883 7274
2526 6091
2075 2228
446 5726
4838 524
162 2007
1307 5556
1460 8352
6727 6586
5724 7195
5240 5148
3526 4010
5960 7057
4521 9708
4410 9812
2504 2644
4437 1029
8734 3864
6608 5531
5589 6798
7406 1750
1804 1712
6657 3264
3063 4384
3849 4139
5930 5440
4286 1455
2449 597
863 7321
6304 3272
4484 2807
4267 3273
2187 1001
1136 6147
1531 6724
5944 8937
826 1747
8648 4834
8362 7063
217 7563
3553 3498
7002 3190
1304 8803
3786 6166
2123 442
4789 5959
4600 8056
1231 6139
4056 6366
1285 1938
6441 5228
2874 618
3326 7874
452 4688
6288 1020
602 5192
1518 1603
3381 5821
5405 8518
2339 2880
2959 479
8838 4911
4534 4420
49 3941
785 9685
6231 6577
3264 9456
195 4589
6329 8998
6628 4968
5017 4229
8159 886
3184 8539
4059 2588
7057 7749
1819 2367
8227 7008
629 6761
6427 4677
7053 2211
8361 9283
140 5624
1739 2334
6565 2419
4683 8544
3739 7699
8773 3897
1937 1308
2788 7995
6247 2196
743 2066
2914 3969
7073 4543
1081 500
4219 486
62 9932
768 4201
907 4858
6886 8471
2629 568
6367 7367
619 2491
6615 9555
3798 6402
5901 4044
4949 5995
6461 5863
1315 1534
2405 3396
6385 5975
5233 3798
4906 6352
1351 4165
3210 7236
7987 1190
8156 2353
556 5126
8843 6170
8680 8640
4924 4932
2036 3872
6926 1496
6086 7240
1381 6490
7987 7765
3465 3571
2563 4722
4923 2265
6238 7484
500 4225
8673 7
1577 3580
3132 7772
4749 6163
8763 5024
3094 1798
5248 8371
1294 1333
3963 2674
1823 8949
7791 6639
4520 4705
5712 8794
8969 2950
3277 2820
5526 4949
1179 102
528 4310
3225 4628
1825 6988
7004 4270
4785 1251
641 8430
5583 4603
3456 6757
4903 4246
4747 8774
7302 7459
1919 2270
1760 195
2441 285
5495 619
2738 22
5281 963
6002 8105
6302 7005
374 3086
4607 1366
2868 3541
320 5323
3298 8575
5920 6396
6700 1221
6854 7619
2490 6965
4813 1282
4249 5660
5901 3987
2033 3181
1301 3034
285 5602
390 10
7039 996
2728 2906
3537 47
4580 1186
2973 499
581 8673
5719 7787
6643 1560
1751 6807
7842 8352
7466 1094
7690 4499
4274 9990
8532 1910
4943 274
8919 6981
2269 9646
1239 2157
3045 7170
7342 1017
4669 7275
4041 5739
1061 8683
1651 6163
1490 2844
3514 7955
8937 3203
6805 8210
8544 2689
6119 1486
962 8389
4819 582
3387 7409
3739 6783
6578 2432
7151 2246
4706 192
7337 1118
1226 7987
633 715
4182 8146
22 1118
3701 3826
5679 7244
1514 2149
5082 5827
3537 9900
409 1275
4308 5499
8057 1885
930 2208
1483 3988
5751 4819
6105 3976
6157 8737
7043 6338
8235 6064
5455 935
2241 9485
3530 9107
8633 9611
933 8521
6862 1341
4796 9521
2839 4204
1406 1121
4763 8240
4108 1513
6410 6564
5841 8566
2653 2883
2255 4887
1946 5061
2173 1538
4545 3054
2644 2529
17 5577
2049 4878
2269 7196
6399 6460
5400 2156
3580 514
2747 9039
6379 6156
3602 219
1073 7254
4453 2327
5492 4750
5739 7016
5287 8283
8070 6931
2811 9086
8859 8211
3315 8479
6407 4713
1938 3158
3220 8869
7671 9966
7907 8401
3473 9861
5619 3545
3466 8071
5223 8310
4820 5961
2325 5459
595 5394
3741 1405
6831 7599
2968 1146
3077 1374
1858 7367
531 5430
2587 4553
5747 6846
7954 4220
7706 7924
2116 6523
347 2691
5832 1518
4003 157
976 5598
6902 5716
5354 2733
5666 9321
5878 2095
8694 6087
8461 1576
4868 8399
481 9615
7244 5434
8186 1949
7709 653
2824 8407
695 9655
7925 4698
5163 3252
6647 4417
8320 10000
2501 4985
8673 3730
8431 2718
1816 9243
646 7684
4642 3126
5650 2885
6911 187
6186 4619
7191 6009
2026 6886
6015 9302
3583 8178
4553 4581
8946 4224
1580 2446
6209 6604
8175 8991
4322 2342
8234 6319
2377 5875
3444 26
6759 4354
7564 6296
4324 3755
1304 8349
4640 4319
4650 8574
6848 6555
4154 7793
7778 4085
238 6338
8041 2764
5329 6362
4105 9914
3032 1482
3140 8475
2859 898
7828 775
8546 8151
4529 5849
6852 1520
8167 6853
445 9014
6407 9598
1158 537
5034 3395
2226 7074
4510 8554
4787 3967
6819 8818
3448 6958
5292 9658
8208 6471
2432 7753
1974 1312
8601 3825
1831 3768
6029 9275
2133 6788
4224 2291
3324 1610
2037 549
1683 4547
1455 8470
865 273
2639 312
6583 931
5321 7790
6753 3105
4542 4726
6768 9142
5902 9951
261 1931
5577 4746
1070 7153
3036 2393
4762 5424
7293 7444
6322 1099
1265 1186
2724 5904
8849 1306
2834 522
6095 6938
4978 4636
6664 745
3129 2917
8695 5742
1199 6272
487 6268
776 3874
4012 8537
649 657
2980 1971
5755 8245
2508 9478
8148 7357
6135 7333
2230 6229
3622 4207
2216 8637
951 3697
8554 1998
3438 2752
621 6276
372 4396
2149 383
6932 2149
1391 5263
4471 9146
2507 9979
3975 4006
6687 2110
4690 7916
1690 8312
4474 8258
4300 3424
3954 4853
773 1391
1957 6393
6018 9328
140 518
4062 71
5666 3453
5334 3137
950 5192
8115 276
1550 3153
737 9591
420 3427
254 5893
1036 7554
7668 9989
8406 7441
731 2714
7185 1748
7393 7325
3265 4455
2747 4930
5259 5432
1066 9560
1624 7532
5835 2525
7036 8572
4115 4455
6350 6369
3347 6385
8922 2367
3373 2679
7807 455
4393 6343
8202 3785
1667 4466
2591 3766
8747 8849
7197 165
2408 6172
4696 4595
6696 1084
3166 811
7538 7867
6179 2237
5251 7452
7603 6975
130 761
7429 5522
7103 9630
4659 7122
6447 249
7887 6193
3450 6435
4357 3857
607 405
8803 1302
6488 7968
6464 3377
834 5642
1613 6436
7093 6567
410 9575
1327 7190
96 782
2819 754
2903 3617
355 5141
3810 2804
2575 6166
7012 4181
5570 7815
7835 4409
782 298
2786 7968
6292 9750
8755 1736
8317 4165
6310 9995
2706 6406
3776 877
8511 8678
493 865
5818 4302
1020 1745
820 3032
8925 9741
5846 4111
4150 2979
1409 1935
2946 6700
8684 8053
435 4352
217 6097
3347 9922
7854 5122
3150 2364
2152 1643
4581 321
7944 9600
2065 2763
1983 4342
3504 9828
4452 3005
2807 9212
2939 104
8263 2974
3156 7050
2678 6724
1146 8024
998 1999
1497 147
7362 9648
7789 294
6321 4085
3246 4737
1199 5228
5078 2054
1408 3882
7058 4214
7445 6348
4669 1708
4674 5177
3757 9351
3252 1902
1726 1249
4900 3222
5748 4613
4222 5888
907 1894
3324 7504
4630 9523
6731 2060
6576 4138
2293 2986
703 1737
333 1724
7444 5006
5252 2200
708 1503
7101 4433
1104 4352
3007 3203
965 3228
6090 223
6121 5414
726 8102
2288 6808
6161 9215
1298 2453
8200 8352
190 1533
2075 3985
1890 3326
7185 3598
4181 6637
5030 284
341 2036
486 6305
3615 8927
6879 3087
1692 604
6189 1979
763 7701
1194 1060
6506 3393
1412 695
6277 5838
31 4167
5516 3567
1764 6696
7204 5793
3331 3896
3181 3168
6200 5795
2446 3078
2234 9138
33 2774
5468 3795
6474 5013
207 6979
1758 6970
8025 6034
8807 5056
4552 4674
3622 4315
721 5177
1460 1051
4072 6992
2570 5623
6138 9016
52 4371
153 1436
5144 1972
4583 7618
6985 2789
3948 8094
1110 4973
5127 5268
8380 679
942 1353
4345 7662
5882 7804
3065 1953
7795 5634
5928 3933
1649 8979
1655 9153
767 1799
8477 8349
6768 813
7489 6715
906 3598
2039 9384
6865 770
1414 8806
8123 7759
6820 5004
8914 7884
3308 3061
3869 7235
7345 870
3566 7999
8374 9332
4149 3850
7032 1916
2662 1520
983 9919
5117 9373
4303 333
8143 5716
5491 8617
2474 8310
6972 1740
1545 3279
4800 2413
7866 8144
8282 5783
494 9656
1466 8643
3857 5497
3910 4519
5016 8244
7437 8484
2617 91
5168 4111
5807 658
3727 5632
4967 2698
5371 7863
328 8522
276 5545
8017 9909
5327 5511
4564 2792
1505 9421
3640 7414
3291 8007
5010 1079
4490 9626
8170 1658
6736 3328
8667 2814
7959 3986
511 2682
5848 4190
203 2123
3735 4220
384 1061
5082 7947
4205 6586
1719 4844
351 361
4851 2360
7792 5692
1337 8961
4701 2072
288 2368
6885 7598
6353 6747
7279 8200
2937 7834
6675 7023
4053 5058
4083 4486
356 8287
1423 9427
4483 7773
8139 2333
4485 3930
7024 4821
4890 1725
2245 1529
4444 4481
8127 6796
8580 5757
2347 4868
8590 4373
3890 1994
4430 9972
7479 5138
4611 3901
1564 4093
8026 702
6777 862
7632 800
4034 3873
4876 5278
3402 5671
1111 880
5818 3690
3636 165
6909 6578
5537 6798
1571 319
7121 1402
456 7731
3654 6371
175 6031
6424 951
892 4407
103 8926
3280 3330
8555 33
1 6665
3912 4170
7706 3899
2334 1614
2828 5223
7411 1751
893 7884
8152 3700
5614 1157
4422 141
188 9845
7443 431
4252 1897
3356 2531
7227 6263
8915 579
927 6178
5100 5985
3428 1786
2598 3256
1008 2361
8006 5252
1244 4509
4303 2209
4665 1724
4701 9204
1568 6144
635 2171
5392 5342
8053 5970
1604 9967
2900 883
144 4000
5867 8924
3785 816
7179 9144
1528 7184
1395 6123
8044 6049
1684 3708
2772 3384
3264 5691
6879 8898
4862 271
2591 8914
4240 2195
233 9140
1429 7728
6139 6295
7651 8923
1462 8829
3066 2990
364 8812
464 6759
4860 147
6819 8983
8531 6082
6673 5761
2331 8886
7031 1921
1152 8623
115 9384
4114 3543
5463 3604
6189 114
8526 6003
7294 6943
7992 4010
8106 807
1768 3317
7954 3938
6299 4484
7019 6971
2244 1349
1209 2627
5270 6360
3601 3736
1095 1714
1631 5557
6317 9819
8022 4194
3821 7316
488 1164
8677 9593
5971 4796
909 9276
4734 1559
759 8752
5881 354
453 7089
4332 6074
448 6932
5809 5542
3997 3439
5451 313
3610 9472
4506 1782
1787 8345
2298 815
1937 7620
6611 7197
7895 4344
4755 7005
2447 9988
3710 5899
6076 9394
5972 6876
4325 8133
2769 7674
4923 6219
6986 3884
3691 8844
8018 8829
2188 1315
1644 1477
4286 1606
1673 8532
7949 3780
6536 1747
119 5597
7998 7194
3990 2321
7421 7667
2453 9190
2340 8376
408 9677
1611 7450
6520 628
4279 2060
8294 2274
7536 3579
8879 8560
1462 6179
7691 349
1277 8809
3946 8274
2355 7287
2595 2775
1953 7399
1964 6644
7126 3724
5673 737
1173 7544
364 3803
6603 6010
3428 9490
6940 2658
6402 4402
3188 3092
4750 9465
1253 695
2090 607
2334 4684
1733 9286
7083 1697
3282 560
772 4954
2296 9296
497 9012
2099 8452
6021 1878
6941 960
3536 2342
713 9723
6786 6463
8539 6390
5157 9629
8996 1490
3664 6728
128 9098
2776 5761
1658 6547
7066 7305
195 5914
7668 5293
365 7688
2522 8658
6000 4409
6351 6712
7484 9136
526 6022
6877 6683
6002 8872
1524 2666
5952 8003
6115 3079
6115 7772
6978 7180
6429 8172
94 4096
6816 3810
7136 3337
2467 3135
3746 6170
8198 8229
7657 5724
6602 3534
2758 2604
3405 9633
1621 708
6988 9735
3787 4102
6507 9764
5634 8935
6287 7079
6382 4102
888 7517
4438 9707
8651 1535
6876 3201
5115 7532
2276 6717
8417 385
6320 6174
4017 940
6881 4004
4026 7019
3458 4532
7134 2091
2818 7420
3169 9200
8521 56
4716 5311
2114 3719
4197 8341
4271 9312
2873 8546
3028 9641
8930 1699
8814 5298
2990 2695
654 6015
3065 111
5899 9199
1553 3068
5618 7721
6267 4491
6128 5335
1153 242
7405 9349
5582 5027
5660 806
3924 1039
5447 5205
3737 2612
2502 8078
6658 6155
2093 7723
4617 7343
1921 1169
2410 9890
1889 9029
4732 9369
5363 6884
1962 6119
2233 895
1145 1244
8053 1068
2283 4851
6272 5019
4462 3125
7449 9120
6632 3541
2842 8248
5883 114
8417 1292
4355 4657
2672 7087
1377 7386
5970 6338
6504 6554
5585 1000
1798 1637
7419 80
6487 1042
7450 300
8167 898
1419 9798
3790 2612
5397 8024
3725 165
3668 5432
7174 2339
5518 1550
2725 2839
240 9580
5393 7824
2580 3542
7812 5350
8621 8650
392 1422
1949 6910
7672 8368
59 9461
2331 7455
6837 56
4972 9504
2487 5145
5194 4356
46 7918
5194 3637
2850 2938
812 781
3479 3623
1130 6451
2272 8873
4873 1221
4782 6544
4940 8840
3356 3270
7647 6192
1677 6618
47 1515
4114 241
4222 7511
1510 5768
8148 8359
5705 8959
7139 5184
5934 5269
6986 1205
7141 5858
777 6275
3753 1068
2466 1109
7690 4112
5652 6718
2081 5699
5585 1546
8291 6806
5057 6800
7573 6556
5159 7630
1514 649
8165 799
6269 7150
1356 2762
8 3484
2036 8112
2552 501
8220 1593
2965 9224
2662 8045
7922 9246
5943 7212
6404 4999
5363 4976
906 1873
3957 3419
8522 8121
4570 1142
271 8925
4903 4630
5408 2938
7741 3311
2439 1961
3903 4403
6536 5917
7799 2457
3162 4741
1020 7565
4091 2734
2893 3996
2607 7849
4767 3480
7322 4336
2621 7592
3612 8524
5221 2019
2813 1313
5330 7603
5625 6584
5357 7160
1500 7156
8616 4014
6248 1987
8930 691
1721 6822
1038 5679
7023 1156
1158 3344
3491 3778
1287 1454
8653 5859
4473 6466
5171 5154
5068 6796
2089 2425
4955 6941
2932 9923
2954 4179
8909 8883
5221 2981
3057 2259
659 9431
414 7816
1126 5257
2946 6412
5710 6598
6270 6534
2415 9440
3039 3483
1587 6128
6259 6542
3420 8190
8464 373
6720 4724
6607 6293
4705 4015
6551 2715
5445 8316
1883 2570
2924 4828
6333 2986
4777 7602
4519 3544
3394 3910
3026 5980
7389 5636
8873 5808
4177 5336
8180 5248
2412 8138
8540 468
1153 6442
7182 1949
7758 64
7871 1033
2243 6203
5018 5372
6157 9889
8915 9902
2798 2292
2881 186
6927 1106
2993 4455
5793 8524
7702 9204
13 1242
1023 5165
1683 9205
2466 8792
5620 4336
5825 3215
3890 3842
586 3398
6082 7500
5299 231
791 5532
7416 4069
5637 2760
4523 9429
4635 8224
7985 648
1465 1007
3164 3500
8211 5629
7291 2183
4316 8467
4749 9558
661 334
3955 8742
3185 2606
3973 3975
3137 5740
6395 1125
7500 2917
8553 6134
2492 5537
5133 3309
4896 5297
8160 3106
4925 5450
3640 3593
5269 3388
3150 8929
2073 2456
3670 4257
2061 2994
6583 9549
4734 8977
8673 3585
3245 7578
1070 2089
1466 9203
4397 2361
2851 8556
7819 1775
7357 3458
2719 625
8198 1220
6905 3270
7676 9927
6527 5088
3920 8461
637 8005
5438 5309
6589 2034
3238 4011
122 8704
8565 5870
2064 415
5425 9234
7541 1134
7044 260
2110 2241
4479 4015
4862 1506
7941 5740
7594 3212
1201 1230
6217 7990
5890 9157
1023 8480
6167 4145
2183 2731
366 4598
8145 791
8832 1686
4276 2875
5297 6385
1467 6127
6399 9680
7633 4339
3420 578
2903 5972
159 5119
5961 1048
1275 335
879 3794
2831 3061
7876 7197
2011 2373
8987 4194
8410 6262
6068 8706
7998 4886
2832 9397
8565 8816
8087 6336
2393 3989
2307 7551
8459 2619
5951 9734
954 829
2879 3784
7242 2754
6980 4252
3478 5318
8445 1887
8579 1864
7592 577
5101 1776
1325 4017
6591 6411
2353 6336
8752 9011
8886 2210
7630 5188
6295 4583
1017 8173
3366 6258
8279 5698
5861 8756
3015 5305
2995 2594
5520 7586
7522 6620
6713 2198
3636 6304
3960 988
7991 1711
7999 2876
2921 7980
8416 8567
3562 432
4092 7279
6041 6722
2976 9901
829 3991
5557 8823
5936 5076
5409 8809
3695 2121
8006 2330
4776 5965
1670 3766
4028 6020
8994 4300
1999 7409
1866 6560
6192 5957
7190 7232
6678 3166
3484 4507
4508 5040
8681 6443
2115 6089
603 8161
5562 2608
1490 5689
8924 159
8807 8951
7530 8800
8250 6528
5560 6116
3439 3103
4424 9629
3334 7454
146 169
4312 2653
4208 7992
3447 1674
6433 7049
4186 1346
1008 6675
8034 931
6186 2840
2234 5715
4991 9483
5243 6902
8950 8033
8004 6726
7661 6689
1179 6806
3857 8842
810 8416
4185 7608
6441 3617
3008 2626
1962 7015
4653 8348
2298 5190
6187 531
3904 5530
3365 9498
4783 8315
3531 8787
5040 1543
3475 5570
4701 8684
6411 6862
7451 7595
4470 9892
564 5477
3869 2525
8844 4521
872 3141
7710 8411
6671 6966
1292 35
3815 9074
1701 6697
7212 6092
4240 6039
7661 9292
3722 2423
153 8172
1370 622
4415 3933
451 3284
1809 1294
5156 33
8786 3866
1795 4456
1183 1438
4842 9997
6511 1895
694 4723
7986 1285
1113 9647
8576 1834
6421 3080
4357 4790
8054 7124
7074 2504
2759 4235
6149 914
3619 934
131 5413
741 8313
5850 8934
3662 3712
6828 1355
2786 8814
3991 1898
812 9566
8731 9584
6997 6440
726 9050
4915 5799
5553 6673
2385 8053
6586 7003
5986 5069
8767 7078
2733 5616
7012 4394
3680 6839
8100 465
8004 1090
1363 6815
4007 2445
4399 6004
6236 3476
8053 5150
1274 2958
822 2011
2010 5760
7013 6348
6180 4132
425 6912
7099 9436
6306 1778
627 3405
8243 4630
8495 957
5797 1501
2753 547
5504 4989
1022 8909
8490 9647
3866 4664
657 9227
2423 7022
5926 3954
153 1703
5865 3603
8490 2170
6381 116
8575 3975
6098 6421
7283 8894
8921 1035
1440 1777
7375 9813
2037 8865
8459 5254
1880 7468
6480 6654
2489 2758
7607 1993
4460 1471
1947 1949
7641 7327
1417 5567
8653 9514
987 8935
1407 6259
5322 4198
1035 8696
10 1423
7912 9820
3676 3791
3287 7508
2444 8127
8265 1050
471 4724
2873 8418
5024 2513
8096 1440
6079 9749
4953 6417
3035 5711
2675 1356
3908 7062
3052 269
1484 315
7089 5160
6458 3727
3667 901
1854 9283
7303 4676
4006 7175
8445 3381
39 1541
3821 469
3641 5773
5237 2675
3484 5911
6031 7743
8972 434
6012 7808
5748 4452
3967 7557
6530 1985
458 6383
5267 3112
5411 1624
3638 6855
4004 9028
747 9824
1848 2387
4949 9084
2062 9784
5994 9092
1526 4318
2877 1889
2125 2976
3692 1443
6533 7222
5779 5342
6956 1045
453 7366
8668 1442
5573 4023
8821 5319
8847 2668
1706 2147
8751 9119
7930 3096
210 9455
3765 438
2696 5889
6413 387
6683 3945
7608 3461
8286 3916
5505 4090
3633 3524
4883 8205
3547 8703
3876 7745
3722 7581
2891 5824
6699 1820
3920 1260
8626 2684
2049 5321
1925 1461
6060 4959
3406 6019
420 1043
4934 9276
3485 7567
5800 3367
6123 6698
1422 1998
4794 6143
6578 684
5967 2628
6855 7238
3239 6480
3273 8287
6153 7549
2100 6564
8508 1505
2582 927
2899 8868
554 383
4434 5705
5750 4908
1402 8523
8906 3195
665 2835
2230 2983
2815 9084
8572 8405
3916 2845
8692 68
5393 2791
7983 2900
4647 5564
2178 5897
6431 6732
2280 7216
6436 6381
4476 1190
903 5381
8736 9567
8215 966
2902 29
8401 5473
5434 8316
5317 1477
1735 5062
1619 7717
1313 7617
8633 4491
8513 415
3574 9792
8983 9
4524 2458
6198 7426
8838 1934
4345 2404
5251 2246
4785 5651
718 3570
5319 2387
1046 1405
8800 2016
5122 8112
984 5106
1954 9496
5520 6527
8640 9502
3888 8163
959 437
589 9796
1722 8933
6200 7972
530 984
8975 1599
553 293
8337 5950
697 4136
5317 7170
6600 300
5275 7553
4147 7795
5080 1786
4648 3319
5301 5607
4755 1889
3754 2477
8173 305
1800 1054
6640 6774
4652 8544
4418 2989
3493 1467
476 5161
2988 2075
3460 7263
6628 1607
7409 59
8744 5056
6377 6044
6014 3483
8284 8768
5959 1456
8072 2759
1861 6712
6884 7865
7607 9302
5205 6100
4768 680
5612 5755
1107 3072
4369 8734
5030 7129
5144 773
537 4872
817 5550
8354 1100
4669 4313
4908 6093
1423 4120
4156 9306
7984 762
1607 9188
2213 5726
7220 825
8833 5326
7896 3553
4411 1277
1682 5554
6049 9218
6777 5217
6119 5130
1669 1788
8794 7928
2880 9216
8047 7035
6874 383
7148 9832
8570 7361
558 2141
8185 9742
3466 2080
8294 7876
5708 327
5781 1756
544 6557
4325 7015
7039 5993
5802 3832
7272 3033
5400 8670
1419 4273
8052 566
104 4974
8926 6013
114 6110
2106 4580
3541 5400
8807 4248
8726 8588
3004 1622
6496 5680
1636 9534
8024 3789
8718 8295
1821 9117
964 3239
5741 2368
2804 196
2341 1730
1209 806
8191 4666
3385 8732
2065 544
2979 2143
3483 5334
3116 6978
8013 8751
2864 9036
6891 2581
1682 5711
5049 646
2949 7789
13 9104
4984 6705
3185 544
8510 1376
4210 9247
5107 1626
790 3085
120 5272
8771 235
2601 5783
5337 1464
3171 4227
5396 4852
2937 8444
4849 5237
3232 4861
3693 568
1917 7877
6463 5427
252 2672
1673 9358
2650 814
1795 769
1437 9917
3356 7389
4051 2692
4205 3221
271 5600
425 9559
2044 6273
3796 275
7486 5488
8194 5402
5364 4657
1828 8968
4680 1852
5677 4329
7017 3471
7450 7805
3739 5157
7194 1790
7848 398
6010 7470
2997 9434
6029 40
59 1824
7667 9544
5663 3860
7945 3378
868 2125
2345 8548
5328 3374
1228 5697
1196 677
6501 2935
5185 8694
3724 6385
4443 6085
6854 1440
1871 882
831 3929
2057 849
472 9071
3709 4768
4449 9576
3892 1145
7475 3572
6870 3703
7268 4066
5731 2768
4000 2916
6814 1723
3300 3256
3159 9505
695 6029
2387 8878
6957 5795
4726 9780
6866 786
1548 3666
7714 7791
1162 1188
362 2032
3242 629
7097 1973
749 9448
8240 7562
4522 6891
817 1680
7395 1864
3709 3133
4093 4017
8928 6818
3797 3793
2956 8344
6458 7021
8134 4971
2560 3848
4002 5802
1828 3098
3126 576
1545 1717
1137 66
8607 5306
2098 1353
4521 5806
2486 613
2174 3413
5782 9970
205 4089
2313 1014
5109 799
8984 5669
1998 9338
1822 1825
3435 1947
6401 1332
4663 6889
5749 8621
1546 2198
5973 2066
2003 4458
3030 4177
1870 9164
7498 1426
3252 5163
3439 713
3313 4775
4381 3310
2112 4202
134 2898
8500 3886
2581 6162
8775 4682
3134 5672
1879 1106
4738 4882
8564 3119
5410 9785
2282 2259
7211 1886
8421 1
8598 9733
8775 5330
8042 5238
7531 4528
2136 8382
413 5068
5895 9187
7749 2028
5211 6628
133 5300
1861 5048
3418 9622
4833 7052
5880 6043
3289 9301
8395 7886
5385 3522
1567 8427
4759 5449
954 3246
1830 1366
3666 4724
7905 4414
7751 8115
3041 6235
8766 5253
2283 8183
6874 6115
3586 6754
7509 6874
6406 7255
7111 7790
776 677
4568 5887
6125 5521
4484 6306
4239 149
4029 6495
1563 4131
1961 1955
5366 726
4208 1648
2260 2081
3114 6846
3186 8974
1071 7591
3228 1182
3381 7004
7858 4300
6890 4335
8173 4725
4992 5763
7874 8021
1257 5788
6503 9569
8742 8868
8646 4949
7867 8257
3382 980
5102 8567
953 5173
7158 6181
2706 7890
5536 915
4189 8777
1249 8361
501 8593
4123 4726
3613 2731
3513 1467
651 8255
1335 5296
4555 7201
8553 2936
8533 5006
5503 4485
5530 4012
2017 9235
6253 2904
7150 6793
5680 1750
2154 1533
342 5628
258 3306
3711 6771
8773 3361
7025 5107
2009 931
7659 4913
7867 9543
7270 1721
5028 2800
2732 7396
386 336
300 8535
5128 8331
1637 8633
6863 6978
8261 6121
636 5323
8243 1408
2035 619
7866 6395
3549 7876
307 1767
8419 3929
1487 7798
8728 5570
3545 1465
7905 8196
5000 9385
4527 2988
6017 2741
3317 8629
6861 2952
2951 4455
1711 8986
7073 9928
6380 6622
1804 3039
7740 1574
8967 8227
371 46
8148 915
3510 6053
5111 7861
8437 1989
848 9805
6729 7165
5434 9942
5468 2384
5396 7179
1721 9469
5106 9453
2442 1261
6843 7181
2834 5809
7759 2204
1206 1907
4471 3715
2311 4933
7928 6099
4921 5127
1903 1649
1291 4336
4590 5111
4072 2338
2289 7144
1806 5746
5948 599
7 1790
131 9840
7950 5890
3396 6155
5796 4218
2222 2106
3150 4149
4556 2422
7275 458
5422 7918
2146 8364
1028 4217
5701 1668
6712 8858
5413 660
6456 771
7449 3586
2963 6399
2827 5358
3905 3622
8927 5126
5079 5076
4626 2986
5849 1253
4444 4270
3522 4589
633 4901
1157 3333
2568 2868
2190 332
8879 1645
8103 2328
3583 4417
2078 7409
3126 334
3383 2052
460 5813
3479 7437
3799 7327
41 8594
2596 562
3182 4229
5462 4690
561 8381
6909 6103
1713 3788
8747 6167
2467 5681
6583 3896
4442 6708
5229 3176
3759 6040
1988 2237
2829 4138
4915 4869
8731 7510
6431 2264
1738 7244
1953 5651
5625 7214
8753 4337
1353 5851
2855 9819
3884 7437
3066 7325
7496 646
4500 5606
8686 5839
4194 6514
6977 108
2734 2707
7617 3164
6971 5707
408 8275
6357 6032
3488 3109
1720 2840
311 3574
6010 3194
2362 5427
3518 7857
3073 7369
462 2758
208 4007
2623 3184
2114 3356
2242 1730
2872 3564
7436 9631
3839 5144
4014 3678
5604 8733
6870 9915
7658 1879
7460 6019
1306 6330
8227 9730
4698 40
4487 3257
8046 4461
440 8159
816 8682
8240 7039
245 3676
1669 435
6171 8682
6113 9775
2414 3334
6041 2423
5212 1852
8441 8869
1181 8667
5598 8231
4706 7436
5487 2751
2896 7927
2261 6064
5960 3501
2102 1556
5528 6123
4991 8698
6804 2455
2824 8570
788 7216
4992 7351
8068 5785
4572 7248
451 7521
3478 9509
5957 6965
3611 3204
3243 2224
4619 4202
4724 5073
1109 9251
5195 451
1300 2350
257 9124
6919 5044
1339 1911
1747 5406
4695 7670
7006 8497
2190 4483
2357 6498
7799 9320
54 9041
6543 1672
8594 7266
6096 1703
868 642
1505 7167
8992 7762
6290 3910
157 8981
7172 7903
5386 9866
5572 3391
2715 7114
2226 9071
1611 2024
5742 6016
3065 6284
1040 7010
2901 7135
712 2768
6777 3569
5935 7120
1330 2576
2029 486
5556 3201
741 5942
418 6664
2684 4132
6129 9909
5555 3740
5933 4296
4107 9349
2932 146
6358 6832
3281 1422
6952 1409
3990 5886
2528 2671
4461 5908
1508 17
8460 600
310 4878
616 4345
361 3744
5254 1267
2835 2538
2915 9942
3238 8846
3087 947
29 3719
2368 7980
2127 3709
8217 6
3731 5030
1266 2239
8398 7725
2190 3707
602 2805
51 4315
549 8656
1581 383
8545 3847
7676 5782
5044 6763
729 1073
2833 5448
404 8312
1509 5621
4317 8239
650 582
7829 2047
3659 6019
6105 3612
3823 6507
8926 1723
3515 9859
2458 9059
705 5133
3193 2749
247 4273
8173 5080
1720 5576
5391 1580
5548 8059
3171 8197
993 2999
3595 9651
369 5051
6262 544
1558 7540
3266 9424
2398 723
5482 7454
4208 6026
3554 454
7298 6726
7533 6370
8654 5275
6949 6201
8334 471
8750 8326
470 3696
4976 5190
7747 7589
8733 6656
3128 7999
79 8877
6073 912
3331 3632
8938 2884
438 3587
6962 2322
8308 967
6597 609
6519 930
2079 4268
3607 4548
4316 9934
738 3062
5522 1822
7069 9002
7172 2147
8878 7597
7410 4208
228 2699
7444 1665
6638 5757
5987 8945
6723 1583
553 241
6864 632
7861 822
2531 5176
4755 7620
3589 4628
7442 657
4629 5613
8803 1507
7209 8564
5066 4437
263 5509
5453 3900
6265 6439
1196 4339
3373 8749
2932 9588
4380 1792
6409 7262
2319 7515
4882 7907
7143 4323
7563 5771
8935 7717
4629 9496
280 5695
2932 3894
4203 2736
2145 8820
8175 3341
6510 9899
5089 441
7487 7820
8584 6247
2081 1902
1762 9962
7808 5904
1284 8370
26 571
8438 1655
3066 8718
2701 349
3963 4903
6436 3108
3074 8610
6800 9584
2861 4888
7376 699
7059 4960
945 4139
8861 7058
4453 3021
6313 1088
8742 7339
8010 180
8345 4427
5249 9045
2775 4211
6299 4211
3670 373
3172 6469
7308 384
1708 2683
2082 6766
994 4379
6257 7207
436 4061
3227 749
8500 7968
1439 9510
2147 9783
6936 9747
179 5063
4958 5477
4625 3979
4201 4796
7448 4860
8532 4507
2895 2613
3625 7888
1991 1233
8446 4779
3645 1672
6527 3144
2992 9965
1653 490
6099 6589
7237 7629
4003 546
7457 3627
6524 8010
7422 1323
8869 9953
6182 3115
5918 9806
1355 2260
5390 8800
5038 9034
824 8916
3177 2815
5232 1182
6304 1330
1770 9892
3310 5772
2437 4767
2750 1313
1776 4171
5987 5644
5476 7520
1759 5745
1325 2465
2356 1066
1264 1394
4099 8087
4661 8628
5901 1893
6809 557
574 3930
8800 4884
53 3589
5650 1802
5901 2425
1324 239
6420 9151
759 9530
3895 1435
5994 9251
853 3258
1996 5303
6696 3656
6930 4949
4900 3738
1505 1474
8019 8656
6709 71
7244 2358
1872 3496
8134 548
1735 5553
4698 7845
8435 945
5631 3428
3195 4483
1037 3542
8786 733
6549 3715
6033 5449
8805 7537
5274 4175
6192 5982
4246 4788
6339 2469
3283 5824
4016 8369
8376 9066
2213 9162
3010 8196
1590 6556
2678 1978
6097 8815
5062 9997
3882 1094
3445 2686
6982 5070
6212 7526
51 7457
3313 5741
2278 595
6564 5645
8964 9292
710 1528
8453 1071
4723 7394
4626 8753
4724 4074
4567 4785
71 6448
231 5867
485 7212
6937 8697
6089 8339
8153 3401
5432 8782
4348 8347
2427 5663
990 5488
7542 8795
1559 3265
5188 536
8017 8263
2610 5935
5400 8680
383 1630
898 7867
3841 8186
7563 6282
6877 9068
7682 3308
201 6381
3654 4979
2043 1996
467 5585
8790 3377
1201 3329
2912 3569
592 8521
7503 991
5552 8237
2620 4450
6104 7812
8987 9018
2093 1863
3437 127
7522 4990
7507 9528
968 4902
1523 434
7486 2312
810 2038
3640 7722
3606 7231
6594 1460
7573 6146
4697 3544
6947 2152
2356 5933
7521 1800
4796 8310
6278 9317
299 4785
196 3266
38 6718
2700 2875
3029 3861
1912 4669
1934 6869
8251 528
2328 9176
2673 8024
2719 3619
3527 426
4903 4048
1578 3698
1357 6855
1367 5655
991 4562
2920 4028
632 8971
5902 6660
3832 8165
7680 7117
8033 2283
2644 3361
8458 4316
5736 528
3286 4263
1954 189
8662 9531
6238 7018
8737 9604
24 728
6518 4295
1755 8149
3266 8009
8160 2449
1173 8840
7565 7558
2122 7209
5270 8931
3876 5005
7458 2162
8619 6763
6350 280
7645 2587
6649 5382
8543 9024
8109 5412
4319 7215
7912 2936
575 1071
384 4100
2262 1300
5657 3735
3860 8926
7017 2736
1282 8475
3249 2253
589 3598
3884 4234
1536 2533
6615 7430
5556 2075
1841 1226
7641 2752
3161 7216
5175 5896
7315 2788
3548 2971
6523 8407
3248 5539
3494 8529
7365 5094
2781 1954
2043 9665
7187 7579
5549 2153
2008 6456
5227 4201
6682 9867
1952 8194
434 3478
5442 4748
266 3989
70 9140
4747 2317
8678 2593
5198 5043
686 4330
3348 2729
2994 9534
3659 8894
1038 1666
5350 8616
6866 9383
4834 9170
4928 8268
7999 4369
4015 5264
1357 7085
3403 3456
4753 5433
48 2950
4827 3733
3632 174
813 7625
7059 9471
871 4096
1137 4572
63 3354
1306 3896
8875 4233
1163 7874
4954 5178
4489 9662
6614 244
7117 718
3028 9164
7020 8854
5249 3651
4379 2061
5627 1437
7884 497
7884 9020
1068 946
2725 1725
1193 3952
5958 3356
7825 911
4885 7665
2924 9850
3260 41
8567 6287
5556 6938
5140 1156
5588 6870
2569 8215
306 7452
6063 6541
7823 6483
1838 1547
4207 5031
1498 516
5386 3674
6778 9622
7339 4702
7471 1950
1742 6389
5237 6649
8327 9728
3805 266
5598 7373
4480 1255
7824 9895
8796 7646
729 1633
5544 935
2015 7394
803 1400
2067 5580
6021 8757
8281 6843
5707 1374
6232 5295
3023 2910
7022 2179
5175 1619
7903 8007
4226 726
5901 7021
1723 6981
3005 266
8915 8020
11 5717
771 5078
5649 3144
6186 4281
5986 892
655 9569
2186 29
3478 7560
2559 2005
7530 4461
4011 4755
8186 4263
4127 6260
2243 3132
2877 5509
3151 6888
6578 6921
2317 5226
8064 8502
5506 6402
8746 1512
2970 8283
1892 4800
5842 6450
804 1372
5910 3166
4478 2447
428 605
7058 8670
4088 7935
8530 1238
1174 8107
8510 9490
332 926
2991 9190
7327 3736
4053 9648
2019 4945
8799 4212
1394 7602
6935 8656
2767 4413
4454 4546
8369 2512
567 1456
3446 97
8045 7971
6203 9906
5460 7887
831 1802
4428 4509
5890 480
1509 3908
5424 1307
1471 3170
1909 6406
8825 6027
8170 9278
2573 4890
6789 6491
5697 8586
587 1741
6908 1142
6998 367
8028 8829
169 2455
1689 4058
286 197
2317 4710
1856 5139
879 3116
544 6055
3142 5065
2332 6066
1954 3473
3557 2650
2410 5495
742 7670
5636 8740
1036 2015
3920 6556
2821 9960
1965 107
3509 7633
8816 4364
2772 9046
6479 667
5100 2972
6732 6783
7390 2037
8607 4298
2039 1369
792 8132
6038 6428
7871 3425
5794 7142
2981 5615
454 3297
2721 9962
3930 6888
6677 3701
6933 4507
4719 7384
5830 6450
2518 9219
5839 7125
3516 5877
7845 9660
8008 3882
8087 7231
306 880
1724 3638
1846 4177
2935 8566
3490 7864
1805 7518
1916 7737
24 8634
6472 5854
6436 1990
1072 6274
8466 4940
8502 310
3599 2509
3191 7037
91 7848
2268 6815
1486 7114
1343 8420
6031 7833
8635 3836
3350 6902
4924 3726
5535 9396
6579 3322
2385 1002
3595 3202
6941 8096
6511 6891
7957 7701
7927 3047
7900 8195
861 3385
2660 3556
2156 3690
4388 7142
7525 3089
7043 1801
5814 5930
3196 6392
7603 8932
5746 1550
2133 9686
2645 5643
2577 2953
6695 6855
4352 1594
6401 2212
3331 3060
2119 5838
6102 3506
1980 626
2595 3374
2778 9760
4655 9973
6504 7610
6256 6249
159 7388
4286 5155
5382 5214
8108 9076
3069 459
6022 3469
6022 4704
6881 1141
541 5982
2998 9872
5959 3944
3598 1737
8704 1604
3061 6207
6213 3317
455 8371
8704 1092
6526 86
6306 7985
5513 8374
6443 8886
7194 3816
6589 1074
6308 4130
55 2306
4353 6366
3249 9950
3102 6304
1906 6162
3862 7118
6478 7668
5489 6534
3760 5366
5971 5065
702 4835
1438 4496
8721 7983
5311 3661
2057 9619
8142 2463
276 4495
180 876
8796 3281
1180 8701
6795 6041
7171 1624
6709 4011
2509 8820
1376 7479
8884 9077
5666 7321
6572 8738
4655 8234
6398 711
204 6540
3526 2479
6386 4705
7707 4533
4338 6886
5234 132
2278 1756
1107 9338
1766 2616
5157 1493
446 2040
2569 1463
3712 492
6200 7367
4077 2598
3429 9281
6489 306
2111 9226
8011 7817
4758 9348
7054 3343
2831 332
8098 289
4021 863
2256 4178
1355 2054
2569 9275
3516 4633
5118 3716
2999 1195
1665 2779
1827 4505
8085 4937
6730 4447
4754 3839
5146 159
7182 2328
490 8631
6616 6511
4494 1872
2040 8200
6277 5960
1827 3792
5592 9944
7859 8942
4490 2875
721 4316
3379 1157
1253 7460
1603 8358
7299 5748
868 4832
427 5358
6462 7042
3220 9307
4265 1611
2507 5541
4570 1333
8685 8162
8628 9543
7103 5118
5418 5175
1433 6148
8683 5037
4608 8285
746 1258
5384 4614
441 4810
323 5902
1204 894
6209 9820
3504 9067
4361 6425
1399 7397
6586 8026
8939 8041
2495 5708
4567 8928
8856 2250
1316 1815
2886 6414
8424 3622
1027 1864
8783 3701
4117 2986
8594 9325
1158 3449
7391 4518
5873 5141
4266 811
4519 5204
203 9013
4264 4769
8292 9119
6370 960
3285 6608
6373 3060
581 4751
8923 1363
803 9039
7701 9396
2716 9858
7196 9458
2727 5420
1951 8992
2230 469
8547 7784
1833 7810
1905 6477
5280 8626
5436 6916
3233 4808
5975 1813
4910 1249
1528 712
4640 6580
3459 1355
3789 2006
3164 3515
425 8114
1858 7
8934 9404
8790 767
2566 6694
243 6845
7320 1030
4761 6904
3189 87
69 8098
2336 4596
2161 4327
5527 1619
2681 315
4624 9196
4181 7400
5662 5390
2406 8595
4793 5196
7361 4710
1241 2955
907 3560
5336 8019
7464 2524
2105 1884
7621 5792
3831 2133
6118 357
1103 2150
7023 3726
346 7203
5478 5007
5592 4883
2601 3736
7430 9314
3446 4671
620 6352
8230 8956
7370 5045
5479 8826
8928 8452
8618 9758
5936 4735
1466 7039
2885 3488
1116 4582
8042 4593
3940 9633
5476 5892
721 2257
8557 4518
927 177
3221 1509
3484 1590
7905 3314
5767 6185
5117 1384
6294 5053
8471 8760
91 5707
7247 5558
6640 9289
5151 2579
8273 5978
5470 4993
234 6379
1510 5161
2555 3082
5021 8390
1023 5925
703 7790
109 6172
525 4403
2576 7995
2514 9666
6053 1760
7575 6692
4400 1725
2622 9025
54 444
7369 8640
7822 6231
5152 9728
8312 3172
2117 335
5096 6171
7124 7557
694 3648
6311 6269
4995 7824
3286 4399
6935 3861
443 3335
2937 3064
711 5991
5859 9079
6982 6680
5309 1133
759 973
4304 875
2307 9751
398 5782
6659 2091
5429 1969
4360 3775
3792 645
4526 5727
505 1968
1413 2794
5383 4123
1136 7594
7553 6117
1625 1214
2249 3384
3186 7904
2610 3492
1654 4007
3273 7665
1450 5053
633 809
2180 5777
1805 9705
855 8662
24 3267
455 5758
1741 6590
2351 3293
706 3976
7858 9954
3711 3043
4209 4320
7534 8214
327 2158
8878 7128
2563 1863
4936 8742
8639 2092
8798 5493
3753 9173
111 8559
6282 8851
3148 985
8495 4205
7312 9353
1510 5022
395 4718
8341 5281
8932 4019
1790 8809
5146 3704
4023 5433
6445 4661
2525 3594
1505 4629
7118 1615
5188 400
817 8335
7736 1664
540 9047
5016 9401
8068 9762
5119 9760
5394 7050
1779 1536
2210 1276
6239 5585
2709 4036
4597 4233
1981 3102
6213 3099
5068 8400
1850 7885
1735 7585
900 5626
3983 3267
5378 3402
6028 5496
5161 774
3897 3291
1661 7459
8567 3899
7043 7627
6286 9639
4859 8267
8740 7071
5717 160
1823 7566
5396 4909
5502 295
6886 836
561 8263
7237 2940
4759 3749
1065 2655
5040 8725
465 7958
7976 9507
1584 3261
7498 3794
1879 4589
3216 5595
6748 9038
3512 9143
5946 7365
437 831
4200 9349
7094 8788
2289 9204
537 2353
6210 5928
3430 4675
4885 6405
5181 9468
5017 6030
1261 3896
5619 476
2842 5366
6866 1706
3861 9811
1070 6649
4994 3622
8998 2439
8761 4638
642 1297
342 9851
3224 771
4525 1108
3527 5058
2927 5896
8087 187
1143 8057
6015 1984
5423 9232
5041 635
2394 5463
8283 2387
6084 9632
5177 7844
5269 2818
3493 3963
1021 2716
6733 3545
3176 4612
954 7102
4507 2393
7641 6649
8449 7007
6984 223
590 5025
8857 7983
6487 4492
7722 5922
8475 7898
4117 4744
716 5609
5058 6088
2677 9790
4632 4852
7753 938
305 1259
6682 8297
6259 130
4655 5595
5705 4244
4619 3913
8227 7457
5756 8948
6730 5231
8197 9846
7326 3912
6807 1383
5351 6483
6172 2335
3686 8277
1272 2342
2887 2953
6639 146
2434 2293
1740 2490
7537 2710
8403 5115
518 1158
2062 6247
1388 7258
92 2713
7522 7898
3095 3872
4732 1619
2206 8417
8895 5829
759 2133
6133 7749
278 4567
7041 4369
5056 2929
430 9810
7043 9947
4320 8456
8193 3707
5066 8637
2772 9587
886 3218
4810 3618
7188 2368
2386 7434
5196 5496
4567 3329
5244 1844
8247 9637
1565 7654
3565 5994
816 6960
293 1135
5415 8485
8193 7480
2473 3964
2418 6359
5182 3228
6328 8369
8947 1065
7803 142
6561 1721
4822 6156
5564 420
792 2480
3074 4709
6474 1889
7020 7118
23 3434
954 567
2266 5427
7531 7035
4137 8064
6614 816
1784 8560
4880 4938
2702 4792
7658 4875
8948 6574
6295 6739
6053 9720
8799 3878
1608 5818
4995 982
7604 2949
4548 2869
6727 2430
2903 9215
1493 2869
7030 9629
4428 8261
7566 6481
53 1224
356 4000
5149 6650
7090 3201
4369 4889
431 4328
2058 4425
8661 2661
8725 9560
7881 4803
1990 8136
3017 8834
6004 398
1462 2431
7659 9380
5912 8063
955 267
5062 1103
1268 5503
5655 5988
7391 4085
6315 7449
8862 8327
7461 4938
4886 8342
741 9875
5477 109
5061 7480
8507 3522
3910 5517
3901 5173
579 6207
4439 1992
8309 5058
3494 7964
6045 4237
2048 7711
6037 3261
1389 4497
5199 275
1838 7939
1501 5666
7047 1561
7145 4905
1435 9407
8421 687
6579 3999
4894 6370
2990 4202
2427 3484
6517 8824
5720 6917
3886 2108
5177 5275
4604 8375
8901 9442
7313 8401
2107 712
5314 4604
6616 7748
6010 6037
6786 4940
3387 1679
309 8729
4233 9088
1212 749
3263 6283
5017 3500
1742 4194
774 1345
2568 7026
1138 5233
8427 8597
7296 8092
7200 4263
6191 3561
5651 6976
2500 3038
4007 6161
3766 7239
248 329
7339 5862
3963 8356
5361 7704
1901 4487
400 7820
1512 2538
6404 3290
2134 8051
381 685
4314 3571
8245 8964
7899 9096
7353 1905
8256 118
8495 6855
1798 6185
6716 6112
4892 8429
6167 9792
3915 5567
5964 4426
8104 3367
3716 5589
5418 5448
5273 83
5371 517
8046 2269
3612 7399
4525 1220
5868 6019
6074 7018
8203 7142
8129 9447
1570 3296
8238 4836
214 3201
8261 3317
5920 3328
4257 689
1776 1529
6771 498
5045 9816
8766 8008
566 9642
3579 3786
3012 5
8803 4214
5498 283
1012 9067
7930 9250
7254 5143
2802 9514
4811 8073
4194 67
5761 4321
595 5883
7818 9991
4051 3935
6351 5616
6576 9929
5753 5587
5285 6555
152 9782
1838 6164
6200 3119
7765 5453
6262 566
8319 3072
4991 512
8491 3751
6832 7437
8986 9649
428 8036
7935 8130
6003 3510
2410 5756
3448 695
8310 1599
6828 5499
2114 2028
5618 5878
5832 3231
8796 5150
8654 7786
6013 2144
3888 6844
5581 3873
6844 3360
5260 2778
4841 8263
8639 2250
5018 8086
3296 2679
4037 6124
178 6502
2503 3147
4380 8334
3377 1527
4484 9030
3664 5496
8526 3551
2692 3458
8776 7887
3169 2035
1017 1009
4649 9655
6258 666
1093 2554
2345 6481
8029 7874
5982 9531
3020 1713
864 3748
239 7699
4129 8902
1547 6654
8805 8238
3463 8932
8476 9631
8318 9492
5639 3967
7499 249
1984 5943
7154 4328
8423 4182
4201 1756
5064 9572
1469 7927
8319 3059
8626 8800
313 5172
4453 7117
2761 8268
3400 2236
2898 9717
80 8537
4035 3578
6137 1019
4520 4290
7698 8294
7823 251
4049 4886
4822 9869
812 9493
1928 4789
2292 1240
5312 96
8708 2424
363 7107
5012 2613
3175 9091
149 9562
3668 2637
1580 8539
7926 8629
4184 1748
6879 9584
7985 5053
8453 2148
7897 8732
3937 5540
971 9600
8987 1030
3024 350
7488 3035
962 7662
1477 462
3575 1144
8450 506
8034 6375
135 9217
2474 4365
8800 7458
4417 4604
7605 6665
4335 2893
8204 9657
3845 543
686 868
5892 5173
3254 205
7187 8730
18 2761
7225 6467
4267 8610
4193 2401
6826 3666
6117 2977
5475 2534
581 3431
8550 915
7676 4106
7572 1520
1648 1257
6739 1891
4782 5344
95 1968
425 5464
2080 6649
3282 4346
2258 7474
8098 9435
2491 6215
7763 1317
4100 6343
6747 649
1610 7422
6106 4181
5293 5753
5789 4031
3643 922
7726 6089
1889 6150
7552 321
6798 9833
7666 4407
6658 4116
1193 1148
330 8956
5464 1781
8298 3563
2781 5259
3336 9887
7439 2629
7639 7580
11 9634
501 8737
722 7742
6886 3626
1062 4036
4810 9079
5794 3468
1194 1339
2615 9875
4294 3431
655 1943
5993 436
8202 4328
674 2992
6308 2312
5571 2671
5297 5424
2407 4019
3165 2644
2644 7578
6031 7453
7656 7825
7272 9850
7163 1887
5076 5808
3669 7731
7102 8661
6518 1303
7340 1191
7647 9000
3854 1217
5670 8151
4992 9428
3521 2508
423 2516
7085 1454
8320 3093
6630 3592
2942 1144
4830 5369
1951 3498
2099 1052
6510 3968
3707 4201
1510 9353
4200 1364
3921 1221
2866 6265
1000 4386
2772 5423
901 5209
5228 3220
1301 8857
6811 7594
2352 8640
6962 9654
8489 2413
8057 6998
3380 5763
8199 7890
2467 750
7605 4740
5323 1470
1004 5322
7855 6127
5096 9107
8335 6675
6326 9635
1531 9137
2228 8234
4128 190
2887 2617
6602 4944
6966 5333
2058 3516
574 8525
4266 5178
5616 8940
647 619
4261 8853
5097 7709
2959 4432
5383 285
2418 6266
1773 7646
5499 6252
2187 2386
4220 3140
7681 1186
4472 738
5701 8046
5262 5318
4223 5229
5257 6222
5847 4870
8074 5296
4578 9385
3727 3312
8669 144
2577 1793
8141 428
2044 8327
4813 9616
7466 6493
5801 6290
4230 1853
2687 2844
7171 261
6072 1427
6482 271
7648 7908
8566 5225
2292 1644
7889 3312
6787 4465
7104 2280
6892 9499
4606 4056
1114 8424
900 6266
7065 4130
4119 1751
325 1641
5011 7748
419 4845
4018 2067
2752 9935
8643 6395
1578 8531
1706 9717
8996 1161
6348 4239
1011 8953
4295 2477
8728 5194
3742 4792
7675 3212
4894 5351
4852 4905
99 623
7101 7468
1689 8852
8755 6331
598 1684
6214 1303
4400 4209
5815 9747
7799 2177
1052 9445
3653 5131
2991 9747
2275 3017
7310 9168
4368 4162
5424 7818
5784 6524
637 3824
4375 5391
3506 6972
8075 7719
4626 4826
4279 9792
8925 3078
2969 2328
3522 2973
5458 9864
6071 3732
2881 8381
5900 7600
4894 3323
3769 29
5847 3405
3852 1573
4796 357
897 2222
8076 5874
2047 6354
1666 4323
3783 3986
6650 4657
3310 4108
8520 2381
1839 3752
2113 7090
4351 6006
4765 3119
6034 6611
876 9885
6535 1671
5593 9431
4244 4668
1305 7290
5374 7322
5613 3156
8659 8262
2164 7320
3721 8684
7052 2912
1435 3164
8001 138
7169 6765
8608 1554
2727 2483
8790 4262
3505 4383
5044 748
7402 1700
5038 9127
1373 6002
7635 9383
8615 2798
7703 9336
2481 2754
3599 268
3270 8599
4405 7790
3716 6364
344 1442
1847 3485
4055 9351
2867 2099
4099 9621
1150 4488
8747 5523
2841 7381
905 7455
8179 7959
3142 8011
65 1740
6630 9334
6691 5034
8475 8406
750 2818
5199 6596
6303 8254
7946 521
6704 2396
5141 6853
6883 5240
7727 75
6972 9984
6882 9150
2942 3375
2513 1358
2467 8142
1043 8157
8528 518
7914 7277
6687 9112
2872 5989
1717 6169
7862 420
8565 9354
4625 1799
945 8703
1874 9917
6686 5755
2418 2980
7129 8930
4689 595
5072 7732
7103 2951
6249 8016
2227 7935
7480 450
5276 7196
7970 9489
5968 1534
2842 3944
8685 9787
5998 7910
2703 7684
5016 1472
8015 9144
7402 7703
1091 3825
6786 7545
2775 34
2561 3353
5321 5392
2154 4596
7587 3123
3084 2906
6009 9277
7201 693
4415 2199
1954 1469
5234 4969
6941 3248
7464 9694
5302 6554
3518 9088
5099 6644
4473 6011
3348 9793
3402 6501
8740 340
6623 1175
7598 6983
3452 2798
6675 2218
996 8980
687 1229
3948 2979
7828 4412
7672 4482
8317 6189
1921 7767
3184 1745
6777 5531
4538 1530
3031 8629
6870 8005
1804 1467
7988 6607
8616 9014
7824 5612
8994 8862
4192 8293
1840 372
3704 4511
8205 6373
51 1125
2139 2586
2221 4268
7116 758
4797 6498
8387 4018
2855 5542
2836 5842
1148 2452
2207 971
3063 5552
3185 7606
845 8024
2329 2900
2887 5533
2272 2289
9 9763
875 2230
8030 9342
6339 6178
1192 5077
1196 3046
1618 2031
3239 2765
6482 6445
88 8896
2349 6272
8854 2193
5647 7182
2444 5885
3715 7068
6174 2075
3830 9400
3304 7211
741 9995
7740 7284
1071 6287
3329 2041
1318 1919
2805 9151
6716 1244
399 3064
867 7252
608 866
8785 3051
750 9851
5118 4923
1926 3299
8674 2581
6509 5767
6927 249
6050 3998
2535 9731
8038 1204
1649 7194
3707 2716
5790 7457
5779 5008
8060 3738
7873 1844
6789 2623
8695 3258
3897 9972
6557 4571
7904 3417
1337 7831
4017 3386
4828 2904
5116 4217
5107 1117
6762 7165
7184 2551
7621 2315
4911 2032
5052 9783
2876 9192
3405 1922
450 2654
7893 5358
8224 7148
5774 7560
978 8791
5297 3157
4694 6765
1725 2152
233 1487
1669 4416
389 6641
8730 4299
1673 2782
82 2548
4973 2838
1821 774
5491 9065
7131 9066
2212 4905
2625 1190
2047 274
6346 8092
1390 4423
2243 7622
4909 2263
6389 2649
7904 5119
7948 7576
8252 7381
2475 2576
6218 7295
4350 2061
2359 5832
2126 2570
1088 4103
5111 7134
4728 809
7225 4117
5231 1820
7738 7491
5434 6478
1139 9337
8596 3438
2264 2199
2818 9738
6775 7388
32 4476
3800 9742
8307 6925
1664 7395
5379 5126
880 8106
3934 2457
7222 7516
628 311
5006 1061
5789 5145
1398 4736
3582 3661
7935 5752
5751 8061
1139 3134
2536 8938
2876 9194
8214 7891
5940 9593
6016 3820
5698 8950
3276 9920
4817 3255
4582 7823
7315 3370
6967 1064
4106 7900
7077 1392
2651 827
3452 3141
4312 8339
3430 3187
2532 644
6429 472
7236 445
3643 4285
1746 3270
2556 8562
5524 7138
7384 838
5859 5702
7254 1316
7954 9330
7707 9956
6508 8510
97 6819
2848 1526
6358 4380
3521 3786
4851 5108
4582 1845
393 6327
1114 6300
1241 1637
7437 7624
7826 6648
8678 3431
8963 5983
6112 670
3938 5619
7179 9034
2790 6027
4912 1499
3758 5432
1284 7960
7540 2218
2804 6284
544 4917
5583 9784
7905 2372
7760 8082
3019 9789
7513 6981
771 624
8002 1708
5595 9533
6094 7736
1911 4005
3234 8668
7788 869
8979 6327
5086 2782
2610 1630
4050 1545
4765 3306
6916 7876
4387 2934
5664 9251
1266 9786
2227 268
8494 5173
1152 4939
1908 8062
4943 8493
6081 4730
4361 6059
7409 8799
6192 6370
780 5593
3914 4544
5250 8181
6420 2988
114 6435
7239 7380
4221 4817
7999 4066
2989 150
1356 9248
563 4298
4740 3995
7379 3452
1053 9139
4250 1596
7861 9029
540 9774
7925 8789
1955 8696
3776 5420
3130 366
7151 7702
6182 9501
3119 1522
3650 3474
8769 564
8123 4860
5558 5854
8312 962
4344 561
8557 3204
5942 6096
5978 5866
3236 7284
7561 3012
2055 6042
6377 8206
3744 8559
3706 8214
1080 3708
8688 7201
3623 2162
60 5181
15 6723
4142 9359
284 5051
7562 9577
7498 1891
8442 8734
4526 2
6097 933
6043 1473
1490 6138
4383 9547
2352 2815
7254 2391
1015 3877
4552 8426
8409 8919
4149 1550
6277 8784
1952 7190
5360 450
1433 3801
8535 958
154 3631
890 2548
103 7379
8038 1486
2278 9389
4652 6531
7131 666
8759 9034
1443 2167
1952 591
69 2580
7374 3020
7770 7733
8821 1554
5885 5355
3511 8038
4985 753
6938 4088
1483 1975
6925 7760
4715 2576
1643 5845
5593 3753
2878 5035
4272 9182
3626 2340
7761 1351
3711 7882
436 1532
1435 3320
2886 8298
710 2223
1402 999
1310 6236
1973 4586
1348 687
8161 7342
6883 3105
8094 4112
139 3365
6645 116
5056 1406
6819 3767
6639 3254
650 1426
1925 4887
7723 6986
6109 1476
4984 9770
6711 7308
1355 8058
8346 7867
8399 3580
8971 2845
1692 5462
8209 7336
7577 4617
2093 3395
7735 7084
1000 6384
2509 5925
270 8231
2910 4731
5058 7246
8500 3768
553 8855
8178 5251
5073 9928
830 4044
772 6521
2505 5333
8209 1433
7949 1653
3828 4683
4736 7827
3418 3596
5103 5039
3178 9365
4769 4235
1610 621
2003 7514
8827 2532
3116 8899
3459 7946
942 1583
3818 8798
7915 7378
8231 3215
8031 1410
8249 4118
2588 1666
5714 5691
1056 2243
1407 2825
5478 4368
4797 832
8881 5623
3363 997
521 5821
4294 3815
5755 6111
5964 7021
8489 9194
6235 8871
2955 4483
5988 2543
5500 7053
1585 5556
3648 2343
732 2125
710 4528
4956 8590
1150 6318
938 1022
3490 1231
6836 2245
1694 3800
2265 7182
6345 5852
6052 2652
8686 5391
546 5538
6796 2482
93 4443
8824 2176
7919 1533
3703 5874
7474 3204
543 8764
1225 7032
8346 5413
1628 39
6564 4893
8572 1260
7096 9623
7911 3781
3366 1808
318 6513
5289 6762
6307 9112
2289 225
5644 1991
6450 7118
5546 992
881 2123
2023 2226
6887 3
7617 9450
2247 2188
3061 8342
1163 7324
4474 5880
5131 4144
392 9772
8905 6050
3883 2546
6626 5879
2888 1427
8348 2434
8418 5228
908 6792
6805 4794
8794 8773
595 8040
961 7655
8733 9123
330 1207
4002 461
6350 3745
4232 2606
3146 5466
3151 8771
3344 6039
8549 691
2824 8966
270 5731
4109 2427
8876 8903
7199 7470
3294 2159
4124 6027
1281 2806
7233 2634
7266 8934
1730 9849
5539 8875
2666 3042
2997 3010
432 545
6052 6607
1510 2322
4337 7971
1748 9212
6873 5946
2033 166
5457 8156
1544 2089
5313 6128
4075 578
8061 3804
778 2952
1679 8444
7993 6675
6805 7776
4572 7856
6382 9433
1177 3070
6403 1276
3281 4275
6574 5313
2793 8030
8820 9688
4470 7133
7816 7544
6062 876
5348 7192
6179 378
7635 2523
52 3439
8298 6975
294 4679
5408 7823
4748 3810
8098 6380
4437 2671
8044 1581
6052 4216
6268 3522
7700 7083
7417 8113
311 8764
6304 4489
8141 7290
12 2545
5080 3661
7519 4726
2340 2278
1548 2439
1440 7997
7171 6876
1020 9566
7808 4071
6133 6075
5944 4184
7510 1361
4297 172
5476 3952
2660 5617
1242 8023
7513 8321
5684 4031
6398 6375
4661 1945
7165 5100
5942 6687
2975 3313
6253 3134
2383 2737
4208 7679
2921 5069
1039 9217
5240 5514
6168 6252
8482 761
5274 1994
2082 2309
1377 4831
4683 5037
4776 3848
488 3069
5534 4814
3381 3138
8947 115
875 7154
8793 2795
4223 3183
8363 3814
2049 1530
3065 2530
1291 4339
5876 7724
7647 3252
6554 1682
1640 5681
881 1127
5101 8766
2940 7833
3904 3886
8948 4130
4391 2092
3276 5965
4275 1638
3779 6675
5519 9843
5204 8161
3533 6431
4884 7180
6682 4790
2861 673
5822 7093
7799 1923
4858 4090
7755 7761
1975 4054
8242 1718
2146 1517
682 7772
5154 7460
7446 2673
2303 1
3185 4187
432 9421
5366 2465
5210 6578
1138 7383
6670 1288
1305 9528
5378 5412
8640 9704
2465 1882
8421 1962
1398 5455
5733 2904
1914 530
2928 6568
8883 9112
4755 3314
2532 8472
2130 9093
1402 5267
1828 5071
6907 8484
7950 8284
6895 942
5339 9712
3823 5760
8673 2572
2214 7758
3827 479
1639 106
399 1521
7570 4153
8186 453
976 9668
3546 377
8286 8725
7800 4192
3208 2749
475 1103
2690 6814
5166 2864
7925 5190
3788 6490
2299 9966
8968 3938
72 366
2810 1993
2870 9348
3445 9846
7015 8342
6222 6652
7066 2021
844 4274
122 9670
2376 1163
1835 8893
1379 1759
7082 8518
8248 3381
7483 1568
1670 4906
3285 1831
898 5507
7530 9343
7352 2896
8684 1925
6548 4750
4298 391
5375 7771
6060 7102
1933 2895
994 5663
6005 75
3180 5605
5807 9015
5524 9828
1272 1808
6659 3522
3314 9188
3864 9017
8084 6899
942 7983
5000 7591
1373 3374
4361 4784
6475 645
3678 6468
1660 5035
3895 6839
639 9053
1205 4162
2881 8829
5969 6891
8350 9635
430 5213
5651 865
1463 5944
8847 2815
6534 7219
5188 5246
6003 3015
2891 6032
4834 8550
5066 5080
6740 8056
4133 297
217 9365
5125 4538
2255 1474
1172 8684
5038 9174
8549 7852
8118 8395
7666 5003
6966 3206
2249 320
1220 2491
5703 8405
4392 121
485 5483
2176 7617
4779 393
6333 1255
3282 9587
2728 1805
8622 2117
5978 4170
8969 2447
4917 634
2802 7234
8839 402
7905 6410
4892 6607
1815 6635
3727 8299
6117 1255
4267 4248
2999 5599
6502 9280
7537 8230
8084 6158
5346 8413
6328 6666
2212 5596
1300 1013
6181 1138
7414 3085
5900 657
691 8714
7291 2770
1012 9407
5024 5630
1006 2022
4228 5508
2653 2764
5089 5088
921 434
1500 5600
4100 711
1547 751
6075 6727
1240 9488
3811 2139
5144 5854
5852 3786
3623 4215
2545 8998
6844 9550
5019 7423
2057 5023
2186 5145
4110 5459
5931 3609
2410 5382
6672 1309
1132 8746
35 723
5586 4198
6862 4729
3051 3713
8867 5025
5280 4411
1022 4123
5960 1392
2546 5369
8414 8083
3513 6523
8893 8795
6483 3655
5176 7154
963 6659
5252 9349
3382 6837
8546 243
917 9948
2307 2783
3972 4586
3193 8993
8061 7505
8384 6606
2873 3149
1040 3385
8671 933
1532 6154
6939 2707
7659 5901
7718 8262
3601 3099
3098 1499
693 9367
446 9999
2149 2770
7937 5694
4114 5997
198 8498
5954 6070
8646 9993
6806 7669
5277 4337
174 8215
3396 9832
8467 9113
94 2068
1563 9543
3566 8255
1909 1363
2605 1058
3132 5541
4103 2246
8537 6300
8095 490
4721 5092
835 878
8112 4111
8215 9285
326 4962
7117 9144
8426 3562
211 8988
5104 1128
3242 8365
8843 1846
5774 9326
4739 8876
4923 1627
5175 1369
4469 247
6461 5303
7124 5572
2413 2690
4857 8090
3651 325
6234 8076
2238 4796
4063 3341
2276 656
57 7470
1502 3830
8795 2592
6705 4718
5218 4231
6086 2686
7477 8898
5988 5601
3822 3753
290 2030
3194 2293
6354 1779
1720 8943
7927 135
4283 5202
7790 340
671 9643
7521 5817
1234 3226
8886 6452
5456 2972
7137 8285
4221 3477
6885 9042
4581 8526
2423 1774
3170 6128
5553 3890
3070 6479
8024 3705
3032 4813
6396 7054
1808 916
5222 3041
1141 6108
6844 7949
8431 4981
5233 3651
3809 6469
45 8389
4994 6467
7162 8516
5947 66
1405 4016
2896 2780
4720 7279
1944 8115
1684 4751
7031 9906
6792 9523
3013 3635
471 1443
6967 55
3445 9775
3523 6841
7515 7869
660 1029
2384 8606
4094 5140
6621 342
7919 6693
7620 1862
1807 8304
4613 189
4561 756
2712 573
1742 3534
7367 2061
3589 6163
5187 6463
6356 2702
1331 9015
6730 714
1972 1175
2205 2944
3516 123
5636 5488
8337 4443
6143 4949
1983 4703
1056 7046
6627 9149
2580 6345
6209 520
7859 9396
5334 8214
6097 7665
580 2178
7730 7551
6704 6935
8495 1220
2057 130
7059 1745
924 9553
2693 1907
607 5100
2304 8585
1249 2235
6929 1809
5754 139
7204 6088
8353 9652
6104 1932
181 4833
8835 7885
3119 2681
5456 1528
1810 8514
1272 86
2418 6317
344 5024
8768 3647
7608 2016
4882 4888
3177 4987
6026 1380
7426 3378
384 7529
2662 5564
6714 3848
7448 6832
5528 8903
711 5689
7416 7983
4774 8185
3299 469
1208 2066
5116 6815
1434 6349
54 610
3687 3080
3341 5113
8809 5724
3993 822
4288 7706
8669 4735
8890 1196
3990 5600
885 7405
8934 9010
590 584
5479 5149
1002 9946
5316 9435
3646 6369
4396 332
8800 1088
444 8609
8812 4437
8430 4451
3494 451
1537 9383
1646 5526
1335 4882
5283 1268
2892 4872
1852 9722
2372 853
4667 4687
2639 2312
1408 9386
6643 3207
473 4439
815 7284
8875 7597
8086 3720
3047 3623
4103 6044
6148 4437
1926 8430
4056 1169
5653 3907
7890 6025
6111 556
4063 7749
219 4470
1486 1861
6677 3959
8651 5843
2242 7877
8791 9328
6597 4189
8302 4699
2233 8449
4487 7510
7879 3894
3678 6531
153 9567
907 5263
3474 5970
3364 5692
7791 2849
7904 819
6807 6555
5014 4401
1783 2804
5080 2379
4993 9381
7429 3577
829 8915
6086 1059
6161 9763
7942 3313
681 2848
3575 2154
2169 4290
5197 8312
139 8100
1130 297
6 2143
1697 1789
1947 4776
7519 8291
8508 3948
6219 4689
6214 9304
3747 8374
1418 9688
686 7450
8888 6613
3603 408
5902 151
6719 8040
7602 7849
1337 1960
4991 9385
4100 1289
4513 618
5931 1020
8565 4149
1708 3779
3804 7807
6504 1573
5494 190
2022 2733
8802 4976
2141 7703
126 8211
95 6080
5059 6783
1039 2402
5519 8138
42 3031
7755 2325
2403 9672
3825 2462
1450 2629
4268 1953
1201 4114
3494 3223
846 1647
3550 6338
6350 9676
3901 7796
6107 6959
8930 145
4712 3448
3282 2106
3831 3388
5430 3233
4059 7254
7694 2860
5234 2314
8165 435
7427 9658
7009 9624
3305 910
3314 7006
2585 3214
8153 2691
4524 2082
4187 8588
1881 3820
8693 4711
4208 1474
2943 6618
79 9989
8478 1313
5654 642
99 1432
7651 4459
7055 7955
3368 9720
6312 2305
3285 2464
347 5809
1897 534
5396 2778
100
