88090
86779
86366
84998
52216
42841
37514
35588
28217
10984
10244
9958
121
89856
70275
42023
22714
19169
6703
1021
77016
74184
59199
57433
54851
44166
34781
30408
88663
82623
63500
55482
50386
47545
31407
27012
22345
21449
16958
7386
88030
69035
68387
57617
19287
7957
1444
88701
79577
72313
56769
51367
37804
30797
77770
60973
59167
51569
49608
46121
39013
35193
27664
24876
2190
87567
82502
72857
71775
51005
48741
41695
35421
26140
25252
14897
3408
72937
71823
60102
35994
23047
12473
1440
86664
61771
55444
33318
24966
7187
1155
84906
84769
67886
55615
36635
33570
17006
12873
2910
79242
56022
49708
46145
36625
2749
66529
63963
56535
55143
53544
49277
33222
29183
22978
17232
12742
11482
86788
69896
65482
63236
39091
19130
14770
10842
10052
8449
241
80097
78204
76845
59401
47642
39359
23985
9622
8451
78804
67582
54587
33740
25991
6677
83378
81824
80477
61194
58477
50009
44053
38909
82346
80958
73111
62722
50080
47881
45784
35149
15986
11874
3254
455
88457
87250
63063
60705
60153
39159
37264
33656
30472
21296
13056
85435
66122
65430
44004
40947
40187
37230
31070
27549
20615
11118
84773
84337
73456
69780
67247
66209
42668
39360
36527
32164
21437
13574
9686
85872
80067
75889
53311
49910
42326
26818
23510
70281
62933
62899
54750
44015
42187
41822
39005
32344
23653
18291
87301
82837
75538
70299
55044
45295
23670
11627
10103
3397
88592
84701
58133
36317
35255
21456
81531
74250
71806
64461
43732
43456
43313
41900
36370
36294
26727
24854
13456
6426
5451
587
77600
73346
62575
48180
46567
43636
39342
39267
21691
21135
16842
11006
4633
79368
74832
64359
63816
56974
46328
42577
20524
539
83328
83256
60438
39936
14564
51967
24434
7865
3678
80016
79818
69806
56567
51186
48287
45167
28576
28290
677
87940
70742
39917
28533
26536
20966
18417
5282
4758
