100
4 3477
84 5787
41 489
22 6985
41 2535
48 9659
62 1160
70 4793
53 2541
52 2978
46 4178
24 4797
15 4760
39 4665
86 6299
40 972
16 8015
68 6098
76 629
25 976
64 932
74 3147
41 4913
29 7945
36 740
52 2911
87 6545
7 8823
15 6127
8 8152
76 1579
23 8553
4 2232
32 4449
51 436
66 2376
38 2410
34 9810
64 9812
5 7479
13 8676
89 8171
41 4447
33 2877
26 6832
40 5703
11 2855
25 4356
76 1608
16 4298
36 6931
73 9763
40 8546
22 9366
39 3678
74 1611
44 3585
73 3926
53 9478
24 7660
69 533
12 4719
87 3968
16 4825
16 581
32 3971
22 2147
85 3203
44 6008
88 1753
56 5764
5 8391
30 5848
16 6434
17 5469
84 7985
63 7455
36 2092
3 4481
56 3350
82 2389
30 8925
25 7404
87 1579
53 1047
23 9448
80 9397
78 8861
66 6505
24 3272
55 5739
39 678
74 6664
11 968
86 2388
17 2557
76 1636
13 5663
31 9960
3 5153
10
