1000
49
3
63
93
61
98
95
40
49
57
47
88
75
78
58
12
35
73
81
64
22
1
55
94
5
91
9
33
25
49
14
56
26
19
12
97
44
21
91
61
3
83
82
79
45
8
97
46
42
42
49
33
86
92
79
95
82
1
93
20
82
71
51
11
15
14
28
35
25
73
80
15
83
42
48
50
43
17
72
38
9
93
52
53
88
92
7
2
6
6
59
23
98
58
29
3
35
92
79
4
77
46
87
93
99
26
91
17
97
78
37
41
23
63
48
57
89
9
51
3
8
72
57
17
55
55
41
44
46
78
31
93
12
70
41
1
44
52
88
59
69
17
64
78
78
84
62
48
13
48
75
60
75
68
5
19
58
44
55
99
56
26
7
71
60
66
7
21
83
51
14
4
92
3
27
49
32
11
15
85
33
91
14
71
79
5
78
67
87
13
44
30
63
8
10
32
47
70
25
80
10
88
51
34
2
18
91
7
67
85
8
10
71
83
14
45
68
94
32
95
25
8
22
1
34
29
32
14
20
12
60
53
63
25
82
54
33
13
22
93
67
59
84
94
20
48
14
40
10
3
21
24
33
19
45
83
65
96
29
82
3
15
75
11
12
7
54
65
15
49
87
37
70
88
38
6
20
32
18
41
81
79
26
3
77
66
70
80
5
68
51
29
91
44
87
35
22
29
72
61
96
61
26
5
29
13
41
10
40
63
58
37
54
65
99
23
69
42
88
78
39
84
42
25
94
31
79
32
89
34
52
7
73
98
86
98
5
43
51
28
1
16
28
22
32
92
49
84
85
78
83
75
26
46
82
54
19
87
53
42
3
67
32
27
28
37
4
48
67
67
77
23
55
16
52
27
35
84
96
71
90
64
59
66
27
94
27
86
10
44
23
38
85
47
91
85
86
70
9
34
85
72
13
58
97
22
14
12
29
55
33
40
22
77
43
55
22
53
37
61
13
29
3
25
14
4
89
18
15
13
32
30
66
8
71
68
24
51
53
61
79
5
59
71
77
2
61
23
32
47
92
94
13
67
81
90
44
32
34
8
34
53
15
64
89
20
43
70
48
2
47
54
28
25
1
3
94
20
13
56
71
62
16
41
50
73
54
46
67
23
97
79
47
88
90
89
11
1
44
46
83
9
29
3
89
47
23
7
71
55
50
12
84
36
1
23
23
66
34
11
53
68
93
27
34
19
1
16
35
90
67
2
71
20
47
86
77
34
76
54
84
69
31
94
19
63
14
79
67
40
41
99
60
74
21
29
24
80
15
28
81
88
97
44
39
2
28
68
46
86
24
80
59
50
43
59
34
79
1
52
40
25
70
50
36
80
61
29
46
38
18
64
73
4
75
30
6
23
13
19
30
10
86
98
84
28
29
9
20
11
17
35
40
33
39
3
37
80
45
78
74
81
75
19
21
18
21
94
69
37
70
84
16
33
50
38
39
98
43
95
20
98
18
55
25
58
26
81
36
43
58
15
57
61
86
19
52
92
21
1
68
60
3
67
93
30
78
60
26
40
23
49
18
83
65
49
70
35
73
13
81
18
16
2
82
31
32
3
26
35
45
24
41
49
96
87
88
29
16
5
31
57
18
39
88
86
10
18
82
49
17
59
19
97
21
90
84
95
97
82
75
70
50
70
33
28
74
28
37
43
26
54
82
27
56
85
14
71
85
21
41
70
26
21
83
78
95
86
67
70
92
8
79
50
71
2
54
49
97
71
77
40
74
48
19
71
69
50
65
61
55
12
13
34
18
83
95
18
36
73
66
14
65
73
71
98
47
46
43
5
1
65
3
85
38
75
57
43
59
78
8
76
84
16
75
16
49
89
93
53
30
54
27
23
22
10
64
85
99
37
80
52
37
70
29
70
27
93
81
62
78
47
60
48
48
66
25
12
4
34
70
59
7
24
15
56
64
71
41
15
20
87
14
17
83
58
10
87
30
76
84
56
7
38
96
75
83
71
62
61
92
93
41
5
67
61
61
8
82
90
97
55
96
64
45
65
91
94
35
10
18
90
8
57
1
35
79
22
5
12
38
23
45
78
94
72
30
91
68
36
48
31
85
51
12
28
90
8
99
62
58
53
48
86
63
1
37
9
89
87
22
47
46
42
67
70
26
97
66
40
7
18
53
22
26
35
7
66
99
21
71
81
96
74
84
66
44
39
79
74
31
43
74
13
37
44
94
24
57
55
19
98
33
10
91
57
66
42
65
60
29
31
15
5
59
97
34
12
1
50
71
51
98
56
35
23
67
22
66
81
31