690 1 10
678 11 24
644 25 38
657 39 52
682 53 66
697 67 81
664 82 95
695 96 107
630 108 120
685 121 131
698 132 144
651 145 158
659 159 171
702 172 185
674 186 200
669 201 212
667 213 225
688 226 243
681 244 255
654 256 269
691 270 281
668 282 292
670 293 302
615 303 318
643 319 332
643 333 345
702 346 361
681 362 374
666 375 387
652 388 410
693 411 422
660 423 437
672 438 450
697 451 463
642 464 474
644 475 486
613 487 498
672 499 513
638 514 524
681 525 536
627 537 547
628 548 556
660 557 568
701 569 582
661 583 595
668 596 614
671 615 626
676 627 642
678 643 657
687 658 671
656 672 682
626 683 696
678 697 710
680 711 722
638 723 740
662 741 754
687 755 769
653 770 780
684 781 795
660 796 807
626 808 818
668 819 828
693 829 840
669 841 852
632 853 862
676 863 876
673 877 887
658 888 899
632 900 914
686 915 926
614 927 937
686 938 952
688 953 964
688 965 976
658 977 986
663 987 999
674 1000 1014
668 1015 1028
656 1029 1039
696 1040 1053
625 1054 1065
698 1066 1082
696 1083 1098
656 1099 1108
642 1109 1122
673 1123 1135
655 1136 1150
698 1151 1162
631 1163 1174
650 1175 1186
654 1187 1199
666 1200 1210
694 1211 1223
683 1224 1237
664 1238 1253
677 1254 1266
650 1267 1277
627 1278 1287
648 1288 1300
702 1301 1313
618 1314 1325
625 1326 1338
613 1339 1348
640 1349 1361
702 1362 1372
632 1373 1387
687 1388 1400
702 1401 1418
688 1419 1431
699 1432 1446
637 1447 1457
699 1458 1469
662 1470 1482
671 1483 1495
662 1496 1509
670 1510 1521
668 1522 1535
619 1536 1544
702 1545 1557
669 1558 1569
701 1570 1586
670 1587 1598
657 1599 1611
665 1612 1623
695 1624 1634
672 1635 1645
655 1646 1657
674 1658 1672
701 1673 1687
671 1688 1705
623 1706 1716
646 1717 1729
625 1730 1739
691 1740 1752
677 1753 1765
681 1766 1776
686 1777 1789
670 1790 1802
702 1803 1816
676 1817 1830
663 1831 1840
682 1841 1854
657 1855 1868
673 1869 1885
663 1886 1894
633 1895 1906
677 1907 1916
659 1917 1935
657 1936 1948
663 1949 1957
613 1958 1968
648 1969 1978
634 1979 1991
662 1992 2004
662 2005 2015
701 2016 2031
652 2032 2042
697 2043 2062
651 2063 2076
668 2077 2087
667 2088 2099
653 2100 2114
652 2115 2126
697 2127 2141
699 2142 2156
662 2157 2171
659 2172 2184
676 2185 2196
698 2197 2207
658 2208 2223
657 2224 2234
685 2235 2248
674 2249 2262
655 2263 2277
702 2278 2291
672 2292 2304
658 2305 2317
625 2318 2329
683 2330 2338
697 2339 2353
636 2354 2365
702 2366 2382
642 2383 2397
649 2398 2410
632 2411 2422
678 2423 2433
682 2434 2451
662 2452 2462
646 2463 2476
618 2477 2490
698 2491 2502
681 2503 2516
638 2517 2527
693 2528 2540
698 2541 2551
628 2552 2562
692 2563 2577
676 2578 2587
627 2588 2599
671 2600 2615
608 2616 2628
631 2629 2641
674 2642 2651
687 2652 2662
691 2663 2675
680 2676 2688
683 2689 2701
642 2702 2716
670 2717 2728
701 2729 2739
689 2740 2751
667 2752 2769
645 2770 2784
649 2785 2795
658 2796 2807
672 2808 2818
698 2819 2831
660 2832 2843
677 2844 2856
650 2857 2869
652 2870 2883
659 2884 2899
700 2900 2915
697 2916 2927
695 2928 2939
687 2940 2952
690 2953 2968
697 2969 2979
693 2980 2994
635 2995 3006
677 3007 3019
674 3020 3036
697 3037 3051
679 3052 3063
688 3064 3080
667 3081 3094
666 3095 3106
649 3107 3118
634 3119 3132
694 3133 3147
665 3148 3163
657 3164 3176
692 3177 3188
659 3189 3203
692 3204 3218
686 3219 3234
669 3235 3251
657 3252 3264
614 3265 3280
691 3281 3292
622 3293 3306
648 3307 3317
636 3318 3328
666 3329 3342
645 3343 3356
651 3357 3368
615 3369 3380
661 3381 3393
641 3394 3403
636 3404 3415
672 3416 3425
661 3426 3436
669 3437 3453
683 3454 3468
698 3469 3481
698 3482 3500
695 3501 3516
681 3517 3529
699 3530 3539
643 3540 3554
699 3555 3567
702 3568 3579
679 3580 3593
685 3594 3605
682 3606 3616
687 3617 3629
678 3630 3642
695 3643 3654
687 3655 3666
685 3667 3680
682 3681 3692
681 3693 3707
694 3708 3719
614 3720 3732
663 3733 3744
613 3745 3754
693 3755 3765
649 3766 3779
688 3780 3790
683 3791 3806
682 3807 3820
647 3821 3835
697 3836 3847
665 3848 3856
649 3857 3866
635 3867 3879
657 3880 3896
685 3897 3909
611 3910 3920
642 3921 3932
684 3933 3945
648 3946 3959
684 3960 3970
653 3971 3984
649 3985 3997
660 3998 4007
701 4008 4021
682 4022 4035
684 4036 4047
653 4048 4058
648 4059 4074
631 4075 4090
698 4091 4101
701 4102 4115
652 4116 4128
617 4129 4143
665 4144 4155
670 4156 4168
702 4169 4180
667 4181 4197
699 4198 4208
702 4209 4221
625 4222 4235
650 4236 4248
692 4249 4262
671 4263 4279
649 4280 4296
682 4297 4310
638 4311 4321
669 4322 4336
695 4337 4350
686 4351 4359
694 4360 4373
677 4374 4386
677 4387 4404
661 4405 4416
676 4417 4427
697 4428 4444
666 4445 4457
687 4458 4470
693 4471 4486
680 4487 4500
673 4501 4513
652 4514 4526
691 4527 4541
700 4542 4558
668 4559 4569
660 4570 4581
664 4582 4593
644 4594 4605
680 4606 4617
645 4618 4630
628 4631 4641
700 4642 4657
675 4658 4670
651 4671 4685
647 4686 4695
694 4696 4712
620 4713 4724
633 4725 4734
671 4735 4750
631 4751 4762
621 4763 4772
652 4773 4784
664 4785 4801
667 4802 4819
699 4820 4833
690 4834 4848
633 4849 4860
682 4861 4877
658 4878 4891
680 4892 4901
676 4902 4918
626 4919 4934
649 4935 4949
681 4950 4965
697 4966 4977
666 4978 4993
659 4994 5006
692 5007 5018
644 5019 5031
696 5032 5041
668 5042 5052
702 5053 5067
647 5068 5080
651 5081 5093
685 5094 5108
689 5109 5119
698 5120 5131
686 5132 5142
694 5143 5155
634 5156 5171
659 5172 5185
672 5186 5196
683 5197 5209
668 5210 5223
644 5224 5235
634 5236 5249
657 5250 5265
657 5266 5277
651 5278 5289
684 5290 5303
671 5304 5315
693 5316 5330
689 5331 5347
659 5348 5362
701 5363 5373
625 5374 5386
700 5387 5401
642 5402 5415
642 5416 5429
691 5430 5441
632 5442 5450
692 5451 5461
678 5462 5473
650 5474 5483
676 5484 5497
684 5498 5512
691 5513 5529
626 5530 5541
675 5542 5554
676 5555 5569
646 5570 5582
689 5583 5595
610 5596 5612
674 5613 5622
690 5623 5635
665 5636 5651
626 5652 5662
672 5663 5677
641 5678 5690
673 5691 5702
664 5703 5711
690 5712 5725
664 5726 5741
697 5742 5753
681 5754 5768
702 5769 5783
702 5784 5797
686 5798 5814
699 5815 5825
692 5826 5838
678 5839 5855
662 5856 5870
697 5871 5882
632 5883 5894
646 5895 5906
636 5907 5924
678 5925 5939
653 5940 5951
681 5952 5964
629 5965 5976
672 5977 5986
701 5987 6002
685 6003 6019
646 6020 6032
685 6033 6048
701 6049 6060
693 6061 6077
691 6078 6089
646 6090 6102
679 6103 6115
700 6116 6126
663 6127 6135
660 6136 6144
640 6145 6156
673 6157 6168
671 6169 6180
680 6181 6190
648 6191 6203
651 6204 6219
702 6220 6233
680 6234 6249
699 6250 6262
676 6263 6279
696 6280 6292
662 6293 6306
683 6307 6319
677 6320 6333
683 6334 6349
655 6350 6364
677 6365 6376
685 6377 6387
680 6388 6402
661 6403 6414
649 6415 6426
636 6427 6440
661 6441 6451
692 6452 6466
678 6467 6479
651 6480 6489
629 6490 6499
681 6500 6511
637 6512 6525
698 6526 6542
683 6543 6559
652 6560 6572
633 6573 6582
690 6583 6594
623 6595 6608
667 6609 6621
692 6622 6634
644 6635 6650
667 6651 6665
674 6666 6678
653 6679 6691
669 6692 6706
653 6707 6718
686 6719 6735
688 6736 6748
649 6749 6761
678 6762 6774
684 6775 6789
658 6790 6800
673 6801 6814
667 6815 6828
639 6829 6839
678 6840 6849
627 6850 6861
672 6862 6874
630 6875 6887
656 6888 6901
660 6902 6913
634 6914 6921
683 6922 6935
629 6936 6947
623 6948 6959
686 6960 6972
663 6973 6983
682 6984 6998
689 6999 7014
685 7015 7028
645 7029 7045
670 7046 7060
637 7061 7073
690 7074 7086
644 7087 7101
649 7102 7113
680 7114 7127
684 7128 7140
675 7141 7152
619 7153 7164
651 7165 7177
686 7178 7194
632 7195 7207
687 7208 7220
660 7221 7231
691 7232 7245
665 7246 7260
677 7261 7276
658 7277 7289
639 7290 7301
661 7302 7315
622 7316 7326
694 7327 7343
677 7344 7354
695 7355 7369
699 7370 7385
684 7386 7398
669 7399 7412
696 7413 7428
622 7429 7442
670 7443 7455
675 7456 7467
695 7468 7481
669 7482 7491
690 7492 7506
645 7507 7518
697 7519 7530
660 7531 7545
672 7546 7560
662 7561 7577
695 7578 7590
687 7591 7606
678 7607 7619
644 7620 7633
654 7634 7646
678 7647 7657
671 7658 7673
701 7674 7689
665 7690 7703
694 7704 7718
638 7719 7730
684 7731 7745
699 7746 7755
701 7756 7764
663 7765 7775
682 7776 7789
694 7790 7804
696 7805 7820
689 7821 7833
681 7834 7845
681 7846 7858
655 7859 7871
702 7872 7886
681 7887 7899
701 7900 7913
660 7914 7929
674 7930 7944
631 7945 7957
702 7958 7970
677 7971 7986
654 7987 7997
701 7998 8011
683 8012 8022
695 8023 8035
683 8036 8050
700 8051 8065
671 8066 8076
693 8077 8089
663 8090 8101
701 8102 8115
647 8116 8130
634 8131 8142
632 8143 8153
702 8154 8164
685 8165 8181
678 8182 8192
683 8193 8209
677 8210 8226
639 8227 8239
668 8240 8250
699 8251 8265
693 8266 8285
671 8286 8298
684 8299 8311
658 8312 8324
685 8325 8336
664 8337 8347
683 8348 8363
668 8364 8375
673 8376 8391
662 8392 8404
675 8405 8419
655 8420 8431
698 8432 8449
647 8450 8463
669 8464 8475
679 8476 8487
697 8488 8499
697 8500 8511
666 8512 8521
653 8522 8538
649 8539 8549
670 8550 8560
669 8561 8575
682 8576 8588
639 8589 8602
664 8603 8619
681 8620 8630
689 8631 8646
671 8647 8658
676 8659 8672
676 8673 8689
673 8690 8702
652 8703 8714
695 8715 8728
648 8729 8742
653 8743 8755
680 8756 8770
643 8771 8783
641 8784 8796
666 8797 8807
653 8808 8818
678 8819 8831
684 8832 8849
677 8850 8866
676 8867 8878
638 8879 8888
692 8889 8903
672 8904 8918
642 8919 8931
634 8932 8946
658 8947 8958
691 8959 8970
647 8971 8981
684 8982 8993
644 8994 9007
695 9008 9020
675 9021 9030
638 9031 9045
656 9046 9058
631 9059 9070
694 9071 9085
690 9086 9095
702 9096 9112
679 9113 9124
662 9125 9135
692 9136 9150
698 9151 9162
701 9163 9175
693 9176 9188
673 9189 9204
696 9205 9219
667 9220 9230
690 9231 9244
630 9245 9256
700 9257 9265
645 9266 9277
697 9278 9292
678 9293 9304
702 9305 9320
612 9321 9333
682 9334 9348
698 9349 9362
702 9363 9382
628 9383 9393
637 9394 9407
669 9408 9420
693 9421 9434
633 9435 9451
690 9452 9461
674 9462 9476
687 9477 9488
686 9489 9499
664 9500 9509
631 9510 9523
643 9524 9535
619 9536 9545
685 9546 9563
694 9564 9576
667 9577 9591
673 9592 9603
685 9604 9615
668 9616 9633
677 9634 9646
689 9647 9659
678 9660 9676
617 9677 9688
670 9689 9701
647 9702 9712
694 9713 9723
700 9724 9734
671 9735 9744
676 9745 9755
695 9756 9767
606 9768 9777
686 9778 9788
640 9789 9801
673 9802 9818
670 9819 9832
684 9833 9845
653 9846 9858
697 9859 9873
691 9874 9892
701 9893 9908
654 9909 9923
696 9924 9937
701 9938 9955
699 9956 9971
673 9972 9984
638 9985 9997
230 9998 10000
702
