893497
885345
883035
881561
871777
868479
854608
840788
836230
832933
825590
818081
788560
780778
780464
777502
775113
775090
746719
731289
729066
725471
691606
682648
672427
664132
650631
640047
606894
577047
564214
556870
543474
539700
535364
532820
519258
514755
503517
499615
490582
487741
483425
480655
478931
477980
466339
461091
457250
436290
426540
426050
425340
424134
412866
387622
386657
374793
366414
361838
358222
349948
322754
322323
306992
305229
298312
292373
261474
256727
254616
252999
233024
216920
195884
186599
179845
168349
145196
130641
111811
94326
89427
82245
59942
899484
882567
873489
866600
864726
857774
836940
797633
797443
794223
791675
788735
786658
783788
761571
759182
748995
744172
740207
739149
716525
711929
709111
704253
699919
699494
690825
676128
670504
658138
640066
640041
610684
604507
597012
595114
574768
560370
558031
548634
544520
531544
531237
529140
527012
512228
508599
499316
492543
482317
480779
480347
479108
475944
468809
462164
460207
442874
439934
427145
423132
410615
401664
397427
391918
373346
367060
350450
348844
312076
311832
308578
306646
288994
283421
272907
270664
264740
247836
247634
241153
236905
228281
225430
216575
198707
188172
182141
181953
168846
164971
162416
132533
117090
116006
111556
108339
81811
72286
68250
60977
56065
47536
43630
40505
36206
899253
897767
884140
874619
860341
857808
855907
855097
853151
840233
756156
752834
751906
750555
740710
712321
700943
682446
675095
667867
648100
644501
628801
607565
606780
596786
596770
595584
593701
591695
568426
557109
536838
513742
505969
487847
487571
486993
486563
481729
468770
464970
453340
441878
441533
438625
428968
428088
411007
407683
370084
368881
367525
352865
352827
342254
338689
338253
328537
312733
303597
293175
289508
280940
271888
263407
248707
248429
234195
228829
225008
213768
209423
185362
173694
154646
150947
147820
127473
117668
116492
112400
112243
107326
107000
77318
73785
65002
64349
52706
41971
39515
27685
24222
7892
893374
885977
879861
852811
850145
843067
835255
807152
801659
799516
797478
789816
775225
746914
744180
740213
738145
727495
721412
711454
704303
697507
673452
669681
669640
668511
659312
651209
645411
643819
632395
625342
606357
601799
596174
588774
563168
562273
552671
547034
546968
540920
517545
508559
474454
473371
464164
461543
446822
427303
424862
424719
408429
408016
377608
372561
356287
353450
352961
346886
318646
316745
316138
316094
316093
309853
308797
301517
300603
289650
275035
274661
261340
258534
255301
250951
242009
235905
227602
208617
197263
196430
189671
168577
168201
161596
158271
150512
117634
117546
102429
94475
91890
74953
66151
60307
56094
47049
40304
32130
25950
8515
140
892271
888368
881833
881487
874992
872691
869326
849914
836355
821481
816846
808956
802472
800962
787475
786125
765949
758303
756104
740091
733796
724885
718134
705694
699446
694041
692117
681343
638463
615162
612747
605305
550273
550140
536076
534773
527154
519388
516421
505469
498085
494602
491652
491263
490931
457780
457175
455694
454992
454232
446099
445889
444120
407732
407280
405260
404398
401186
384386
380985
377479
368027
351985
331861
329963
308426
307185
300707
286239
286228
242735
238398
235053
234667
226424
214434
209291
207804
191003
171312
159320
150814
149377
128094
114799
107216
103431
99726
92951
89119
88520
87121
83576
75024
73788
52945
51563
40238
30597
28204
20184
899518
880943
877364
868547
853198
833173
825605
823895
811781
801573
798781
785579
785086
774653
754871
743460
738138
726469
718558
714323
708420
708351
693977
670918
669938
668113
660193
659450
630738
621504
621362
603963
593490
581354
575739
574219
565925
558096
540296
538155
532562
531900
495671
494968
491292
481017
476922
476197
476049
460386
450287
447388
439424
407910
405863
401042
398838
397397
396958
390743
389220
384698
380811
375531
357199
356040
349897
349721
349073
342403
341772
279895
279756
259668
250803
243058
225759
195375
187851
167251
165242
159932
147845
141112
141074
139463
138253
135726
129404
122046
119833
72718
72203
50409
44575
36806
35789
35342
35270
34513
5776
885500
883246
875273
874190
872919
849419
837262
834843
827936
823562
821863
806448
803404
786861
785647
778254
772083
758416
752822
738216
738213
737142
735036
733326
719845
699301
667471
666683
666125
636296
626717
625492
619577
617873
612897
592143
591562
568513
567822
539609
533608
468582
466723
465076
464074
464019
461533
458187
456449
453799
424941
422719
421494
414536
409182
396885
355302
355033
346920
343176
339874
321610
320081
310818
305926
285491
285362
280302
266125
265519
240728
238743
238511
238337
188570
179718
178149
168814
147225
139380
136864
127354
119494
114296
100536
94327
93729
86978
65205
64959
57706
42475
42300
34017
29480
26640
21397
10055
895171
892798
881685
881006
867922
863949
849781
849507
837649
830274
807003
801631
792652
789752
778566
769891
769567
761672
732053
719502
714176
710598
688347
677911
672553
663386
626527
568135
558402
543443
529375
507353
497979
492836
481578
475223
470008
457508
449261
447324
410221
404841
402162
394512
364192
351623
343636
335594
315915
306159
305199
304884
302953
288382
280462
275470
270228
266896
264062
261674
257242
254934
254827
253496
238213
229459
224289
201917
191089
187638
180144
177691
172192
166052
164734
157223
134071
127676
122466
111851
98387
95110
91730
90857
89494
83137
68732
66697
50485
43497
39497
34792
30250
26616
20845
14296
1564
893880
886008
880117
871090
861003
851722
822756
814086
807317
795681
778203
740168
733538
733239
729896
722080
719362
710574
694314
686954
682381
676674
665564
663965
662977
652570
635268
620055
614261
609137
607151
601926
601541
600212
592614
588782
580924
577315
571853
553803
543846
534355
532016
518533
480454
476656
474612
468996
463431
454377
446046
440770
424327
416074
409398
404941
402786
392793
391894
375419
367997
362076
354509
350275
344141
340375
312129
308112
299916
291021
257826
253046
251157
233441
233209
210070
208147
200631
193986
168248
164303
157436
153215
150018
148106
146300
146157
126158
125694
123427
101742
83336
79169
72749
48076
46180
36609
26236
19655
19209
876672
867065
851481
844024
839515
835880
830807
830674
827259
816572
811214
798627
786110
766473
760806
749372
740677
739911
734216
729445
721549
714401
712345
702269
687296
683131
673988
670152
664489
656934
651019
642830
636411
628424
617619
616176
579331
575430
566753
559832
553583
553454
540205
537662
536892
533760
523235
520458
511680
495865
479982
457515
449705
445458
444667
441331
439214
437710
434233
430711
429432
423635
418779
382333
374185
366919
354312
335836
330187
329264
329017
324790
324283
321886
321645
321107
306379
304338
293185
290864
279939
251945
243484
228378
221100
218859
155280
146924
144305
128420
125392
112201
106529
94520
93434
91420
89189
73577
56435
55608
52139
50720
49081
48166
48158
47791
45933
29736
27412
19592
15244
2929
862917
852019
