200
146 3275
153 4167
51 8790
39 619
15 4672
122 9971
3 7850
148 9956
105 6120
23 8361
147 5239
49 9635
46 5102
157 8616
161 8889
120 2418
3 1072
56 1185
14 2314
55 1508
117 8397
58 6451
118 8478
66 9815
69 3680
15 9456
50 1795
130 8495
176 738
42 8308
98 3582
77 4492
125 6364
76 7218
97 183
37 8366
51 2907
76 3880
96 7574
134 8684
153 1868
71 6523
83 9932
169 6910
49 4831
158 2998
64 8646
169 2120
110 3165
70 38
119 766
35 4629
124 5923
28 4111
176 2202
75 1100
1 3637
94 435
89 5343
85 589
165 8914
27 1288
91 1075
159 8920
131 5448
98 289
26 3712
109 2589
114 9777
60 9481
170 5846
1 5102
74 906
49 9402
48 5585
43 9124
118 6281
3 8408
135 6522
100 4298
29 2637
78 886
20 2207
75 2334
15 6526
166 3016
63 5098
97 4556
4 5
170 8603
149 3004
7 6438
24 841
38 6638
42 4877
167 5683
25 8225
48 6564
123 6394
49 5117
179 3415
12 7993
124 2600
121 867
177 5562
102 897
65 3548
155 7848
168 4884
117 8102
72 8124
24 9976
40 6703
139 9482
117 8140
170 2367
146 5433
152 2769
32 5612
36 3340
73 9457
97 6089
116 7923
96 95
6 1124
56 8917
59 8331
44 8298
126 1782
131 4482
113 5080
100 4178
172 9911
167 4896
34 6934
27 9398
82 8823
166 2097
65 5773
43 5902
37 6739
70 2495
101 6413
65 9158
167 1275
159 819
135 3191
49 3218
73 8295
125 1327
108 9052
136 7969
94 2562
77 971
74 4959
24 1582
89 4394
77 5822
78 1221
159 1704
27 4970
35 5201
140 223
31 3964
117 9235
10 96
126 2366
156 2512
139 7184
122 5964
42 3057
66 6543
110 7974
64 960
26 3694
123 4392
103 1537
85 3174
59 7067
18 6627
141 8779
142 939
96 7489
50 8774
92 3283
10 3166
59 8635
8 141
140 8423
100 8505
36 3762
88 779
71 1544
124 9761
30 7441
48 4911
40 9461
129 3715
102 9298
61 7973
30
