100
1 Montevideo
2 Nueva_York
3 Roma
4 Tokio
5 Moscu
6 Abu_Dhabi_South
7 Hong_Kong
8 Los_Angeles
9 Paris
10 Londres
11 Punta_del_Este
12 Salto
13 Rivera
14 Canelones
15 Colonia
16 Durazno
17 Paysandu
18 Maldonado
19 San_Pablo
20 Buenos_Aires
21 Barcelona
22 Madrid
23 Berlin
24 Amsterdam
25 Lisboa
26 Bruselas
27 Estocolmo
28 Copenhague
29 Helsinki
30 Varsovia_Vieja
31 Atenas
32 El_Cairo
33 Sidney
34 Melbourne
35 Toronto
36 Vancouver
37 Ciudad_de_Mexico
38 Bogota
39 Santiago_de_Chile
40 Quito
41 Lima
42 Caracas
43 Brasilia
44 Ciudad_del_Cabo
45 Johannesburgo
46 Dubai
47 Singapur
48 Seul
49 Beijing
50 Bangkok
51 Estambul
52 Dublin
53 Edimburgo
54 Reikiavik
55 Praga
56 Viena
57 Zurich
58 Ginebra
59 Monaco
60 Luxemburgo
61 Varsovia_Nueva
62 Cracovia
63 Bratislava
64 Liubliana
65 Sarajevo
66 Zagreb
67 Belgrado
68 Budapest
69 Sofia
70 Bucarest
71 Chisinau
72 Kiev
73 Minsk
74 Vilna
75 Riga
76 Tallin
77 Oslo
78 Ciudad_del_Vaticano
79 Salinas
80 San_Petersburgo
81 Murmansk
82 Kaliningrado
83 Ekaterimburgo
84 Novosibirsk
85 Omsk
86 Irkutsk
87 Vladivostok
88 Almaty
89 Astana
90 Tashkent
91 Carrasco
92 Pocitos
93 Malvin
94 Erevan
95 Baku
96 Tbilisi
97 Ankara
98 Teheran
99 Bagdad
100 Damasco
45
79
14
56
1486
1 39 92
1 91 75
1 27 100
1 14 2
1 72 13
1 7 46
1 50 94
1 45 40
1 9 17
1 34 54
1 17 12
1 22 25
1 10 73
1 21 11
1 68 100
1 63 51
1 75 67
1 2 77
2 86 6
2 26 37
2 42 31
2 72 8
2 54 43
2 33 40
2 28 65
2 5 94
2 62 26
2 64 54
2 7 37
2 75 88
2 78 30
2 59 91
2 14 24
2 3 57
2 1 77
3 69 33
3 49 26
3 57 30
3 21 16
3 68 91
3 30 78
3 67 32
3 86 42
3 41 61
3 66 74
3 17 50
3 4 65
3 2 57
4 39 26
4 64 90
4 16 90
4 11 75
4 31 69
4 94 68
4 68 37
4 75 36
4 80 63
4 65 1
4 84 37
4 85 42
4 70 97
4 69 93
4 100 42
4 32 79
4 9 37
4 92 77
4 10 41
4 5 2
4 3 65
5 20 19
5 58 98
5 65 71
5 81 76
5 9 27
5 72 71
5 28 68
5 52 82
5 19 72
5 2 94
5 70 64
5 32 28
5 89 29
5 90 74
5 30 30
5 35 4
5 96 3
5 8 82
5 77 36
5 6 65
5 4 2
6 90 75
6 28 73
6 37 26
6 32 77
6 73 78
6 64 12
6 95 59
6 7 30
6 5 65
7 77 79
7 9 73
7 42 25
7 72 21
7 11 25
7 1 46
7 20 97
7 19 11
7 81 39
7 46 14
7 29 66
7 68 10
7 37 33
7 75 10
7 41 86
7 2 37
7 26 17
7 84 95
7 76 50
7 31 80
7 70 89
7 8 50
7 6 30
8 93 10
8 60 43
8 26 91
8 37 25
8 99 84
8 72 71
8 54 62
8 48 12
8 5 82
8 59 77
8 29 5
8 9 93
8 7 50
9 7 73
9 66 92
9 41 50
9 65 60
9 90 32
9 86 68
9 44 66
9 21 79
9 52 53
9 78 98
9 5 27
9 99 28
9 35 35
9 56 43
9 1 17
9 37 16
9 74 42
9 4 37
9 55 42
9 10 32
9 8 93
10 83 34
10 69 89
10 72 67
10 71 16
10 27 89
10 59 2
10 91 36
10 1 73
10 61 100
10 68 84
10 37 30
10 36 76
10 78 11
10 4 41
10 93 23
10 11 73
10 9 32
11 69 28
11 4 75
11 7 25
11 54 24
11 22 48
11 62 20
11 18 33
11 39 97
11 61 62
11 65 30
11 76 87
11 80 65
11 12 61
11 10 73
12 82 64
12 84 32
12 23 87
12 17 43
12 55 56
12 79 34
12 38 22
12 44 84
12 96 36
12 39 40
12 68 40
12 13 56
12 11 61
13 93 71
13 28 23
13 91 20
13 98 1
13 92 92
13 16 65
13 96 79
13 55 19
13 44 64
13 65 35
13 71 44
13 31 20
13 14 43
13 12 56
14 20 79
14 1 2
14 49 95
14 59 8
14 62 99
14 68 56
14 19 11
14 39 43
14 54 93
14 2 24
14 15 19
14 13 43
15 61 93
15 99 5
15 91 73
15 79 79
15 92 51
15 75 75
15 46 85
15 55 14
15 34 56
15 36 88
15 16 16
15 14 19
16 38 86
16 4 90
16 82 75
16 36 21
16 13 65
16 18 34
16 97 25
16 72 7
16 17 65
16 15 16
17 12 43
17 79 67
17 59 37
17 28 31
17 92 98
17 80 10
17 3 50
17 33 50
17 1 12
17 82 9
17 72 92
17 100 18
17 65 68
17 94 49
17 18 5
17 16 65
18 77 65
18 65 66
18 53 54
18 42 63
18 78 69
18 83 80
18 16 34
18 69 60
18 11 33
18 45 91
18 93 99
18 31 52
18 19 26
18 17 5
19 94 95
19 77 10
19 7 11
19 5 72
19 14 11
19 71 63
19 40 14
19 34 41
19 89 29
19 87 70
19 20 77
19 18 26
20 71 52
20 14 79
20 5 19
20 41 80
20 68 89
20 35 52
20 63 50
20 7 97
20 30 48
20 39 54
20 40 65
20 26 37
20 38 58
20 85 36
20 27 76
20 51 41
20 50 8
20 21 31
20 19 77
21 73 80
21 9 79
21 75 88
21 3 16
21 54 53
21 67 79
21 90 86
21 99 37
21 1 11
21 31 23
21 28 37
21 62 91
21 37 59
21 22 72
21 20 31
22 90 18
22 64 16
22 11 48
22 88 25
22 86 2
22 79 42
22 1 25
22 93 27
22 27 65
22 23 23
22 21 72
23 12 87
23 34 5
23 92 44
23 46 15
23 81 85
23 82 35
23 66 66
23 32 55
23 99 5
23 24 79
23 22 23
24 26 53
24 85 19
24 51 40
24 59 33
24 66 80
24 47 87
24 43 51
24 95 59
24 25 14
24 23 79
25 68 7
25 72 90
25 55 42
25 96 55
25 90 81
25 85 1
25 98 3
25 32 25
25 35 59
25 92 60
25 77 61
25 41 15
25 40 57
25 79 70
25 53 30
25 26 20
25 24 14
26 31 10
26 24 53
26 87 91
26 53 51
26 30 14
26 8 91
26 2 37
26 44 84
26 49 74
26 32 82
26 98 20
26 71 32
26 90 11
26 20 37
26 7 17
26 89 83
26 27 67
26 25 20
27 1 100
27 69 38
27 47 26
27 30 18
27 10 89
27 53 4
27 65 5
27 54 67
27 46 4
27 76 37
27 56 70
27 20 76
27 100 44
27 22 65
27 28 25
27 26 67
28 72 49
28 61 7
28 13 23
28 35 12
28 6 73
28 76 4
28 55 2
28 5 68
28 69 50
28 2 65
28 17 31
28 90 10
28 34 52
28 21 37
28 38 57
28 29 67
28 27 25
29 84 45
29 71 27
29 63 85
29 36 53
29 74 33
29 65 24
29 73 2
29 60 33
29 45 60
29 7 66
29 97 86
29 59 10
29 8 5
29 79 83
29 30 88
29 28 67
30 26 14
30 27 18
30 91 12
30 95 44
30 41 72
30 20 48
30 73 3
30 51 96
30 3 78
30 63 37
30 48 80
30 82 22
30 5 30
30 83 100
30 70 54
30 31 54
30 29 88
31 26 10
31 63 54
31 83 32
31 4 69
31 78 19
31 90 44
31 51 74
31 43 94
31 99 63
31 81 84
31 93 8
31 98 84
31 34 14
31 21 23
31 47 69
31 18 52
31 7 80
31 57 96
31 13 20
31 32 45
31 30 54
32 50 13
32 82 82
32 26 82
32 63 10
32 47 98
32 6 77
32 89 47
32 25 25
32 23 55
32 5 28
32 53 47
32 4 79
32 52 38
32 42 72
32 33 16
32 31 45
33 83 20
33 71 67
33 41 84
33 2 40
33 39 8
33 51 58
33 97 61
33 17 50
33 75 87
33 82 95
33 34 62
33 32 16
34 40 51
34 49 70
34 23 5
34 36 60
34 57 10
34 62 30
34 48 30
34 15 56
34 19 41
34 1 54
34 28 52
34 31 14
34 35 61
34 33 62
35 77 67
35 20 52
35 28 12
35 63 78
35 59 79
35 47 22
35 25 59
35 9 35
35 52 93
35 5 4
35 36 17
35 34 61
36 41 37
36 90 10
36 34 60
36 29 53
36 16 21
36 96 50
36 75 20
36 71 46
36 92 56
36 62 47
36 10 76
36 77 5
36 15 88
36 61 79
36 37 78
36 35 17
37 8 25
37 6 26
37 96 30
37 7 33
37 85 33
37 9 16
37 10 30
37 97 99
37 84 81
37 21 59
37 38 91
37 36 78
38 16 86
38 86 96
38 63 65
38 97 19
38 55 72
38 59 32
38 83 12
38 20 58
38 12 22
38 78 28
38 82 34
38 66 18
38 61 71
38 72 81
38 79 67
38 28 57
38 39 18
38 37 91
39 1 92
39 4 26
39 41 22
39 95 2
39 49 48
39 72 56
39 74 32
39 20 54
39 75 31
39 77 69
39 42 7
39 33 8
39 94 47
39 92 74
39 66 79
39 14 43
39 11 97
39 12 40
39 40 71
39 38 18
40 34 51
40 42 80
40 56 1
40 63 91
40 57 51
40 48 20
40 20 65
40 99 4
40 47 73
40 19 14
40 87 97
40 25 57
40 92 8
40 85 43
40 41 22
40 39 71
41 39 22
41 9 50
41 91 48
41 36 37
41 67 66
41 71 69
41 20 80
41 30 72
41 85 47
41 51 99
41 90 53
41 33 84
41 54 92
41 3 61
41 7 86
41 87 14
41 25 15
41 72 49
41 65 22
41 77 43
41 42 91
41 40 22
42 40 80
42 7 25
42 2 31
42 59 33
42 39 7
42 89 73
42 71 55
42 97 70
42 18 63
42 91 63
42 92 11
42 74 52
42 77 83
42 32 72
42 43 83
42 41 91
43 89 24
43 69 65
43 75 83
43 31 94
43 87 31
43 73 84
43 24 51
43 44 77
43 42 83
44 26 84
44 77 24
44 9 66
44 95 76
44 64 6
44 49 50
44 96 53
44 88 64
44 75 85
44 12 84
44 74 1
44 53 57
44 13 64
44 68 89
44 45 85
44 43 77
45 76 85
45 93 69
45 85 29
45 49 22
45 29 60
45 66 4
45 1 40
45 18 91
45 46 1
45 44 85
46 60 6
46 23 15
46 83 75
46 98 45
46 7 14
46 15 85
46 27 4
46 99 38
46 79 10
46 88 64
46 47 44
46 45 1
47 68 18
47 27 26
47 66 39
47 100 79
47 69 27
47 83 21
47 88 59
47 32 98
47 35 22
47 86 61
47 40 73
47 58 66
47 70 61
47 31 69
47 24 87
47 48 1
47 46 44
48 71 56
48 99 32
48 80 94
48 40 20
48 34 30
48 30 80
48 8 12
48 65 5
48 100 23
48 73 24
48 93 97
48 49 57
48 47 1
49 34 70
49 26 74
49 39 48
49 14 95
49 3 26
49 71 2
49 45 22
49 63 55
49 44 50
49 65 40
49 89 90
49 74 52
49 50 22
49 48 57
50 98 1
50 32 13
50 62 73
50 1 94
50 94 12
50 96 82
50 20 8
50 57 50
50 51 77
50 49 22
51 61 31
51 68 89
51 41 99
51 57 34
51 30 96
51 31 74
51 24 40
51 73 15
51 86 5
51 33 58
51 56 26
51 20 41
51 52 39
51 50 77
52 72 6
52 9 53
52 54 78
52 58 38
52 85 52
52 5 82
52 35 93
52 32 38
52 67 35
52 53 93
52 51 39
53 26 51
53 94 64
53 68 74
53 18 54
53 27 4
53 66 41
53 32 47
53 58 72
53 44 57
53 25 30
53 54 99
53 52 93
54 98 80
54 83 54
54 70 88
54 2 43
54 11 24
54 52 78
54 41 92
54 27 67
54 21 53
54 65 97
54 77 9
54 8 62
54 14 93
54 91 18
54 58 19
54 55 69
54 53 99
55 25 42
55 62 90
55 12 56
55 71 58
55 89 50
55 38 72
55 28 2
55 90 8
55 15 14
55 70 79
55 93 31
55 13 19
55 9 42
55 56 58
55 54 69
56 91 27
56 40 1
56 62 86
56 60 58
56 76 65
56 9 43
56 63 49
56 51 26
56 27 70
56 57 71
56 55 58
57 51 34
57 34 10
57 90 51
57 40 51
57 3 30
57 65 28
57 85 91
57 31 96
57 50 50
57 58 35
57 56 71
58 60 4
58 5 98
58 70 52
58 52 38
58 66 23
58 47 66
58 53 72
58 77 71
58 73 99
58 54 19
58 59 82
58 57 35
59 42 33
59 89 24
59 14 8
59 38 32
59 10 2
59 17 37
59 35 79
59 24 33
59 29 10
59 68 33
59 2 91
59 8 77
59 66 8
59 60 89
59 58 82
60 58 4
60 46 6
60 8 43
60 56 58
60 73 26
60 29 33
60 74 53
60 82 80
60 88 72
60 61 22
60 59 89
61 51 31
61 79 77
61 28 7
61 15 93
61 83 67
61 82 28
61 70 91
61 87 22
61 72 7
61 38 71
61 10 100
61 11 62
61 36 79
61 62 87
61 60 22
62 97 68
62 55 90
62 56 86
62 50 73
62 100 35
62 34 30
62 14 99
62 72 41
62 2 26
62 11 20
62 79 73
62 36 47
62 66 93
62 89 60
62 21 91
62 63 33
62 61 87
63 100 52
63 31 54
63 20 50
63 29 85
63 38 65
63 32 10
63 40 91
63 35 78
63 85 11
63 49 55
63 30 37
63 68 9
63 74 84
63 81 26
63 56 49
63 1 51
63 80 38
63 64 37
63 62 33
64 90 9
64 4 90
64 79 98
64 22 16
64 68 43
64 74 96
64 44 6
64 6 12
64 89 57
64 2 54
64 85 20
64 65 49
64 63 37
65 92 32
65 9 60
65 95 52
65 5 71
65 18 66
65 4 1
65 29 24
65 57 28
65 77 59
65 27 5
65 54 97
65 96 97
65 48 5
65 49 40
65 11 30
65 13 35
65 41 22
65 17 68
65 66 94
65 64 49
66 9 92
66 47 39
66 86 15
66 45 4
66 53 41
66 58 23
66 23 66
66 100 15
66 3 74
66 96 49
66 38 18
66 39 79
66 93 73
66 78 65
66 62 93
66 24 80
66 59 8
66 67 6
66 65 94
67 76 87
67 41 66
67 82 18
67 94 11
67 3 32
67 21 79
67 73 42
67 71 21
67 52 35
67 68 26
67 66 6
68 25 7
68 47 18
68 88 78
68 20 89
68 51 89
68 4 37
68 53 74
68 73 7
68 64 43
68 3 91
68 7 10
68 63 9
68 14 56
68 85 46
68 76 85
68 59 33
68 10 84
68 1 100
68 44 89
68 12 40
68 69 36
68 67 26
69 71 72
69 27 38
69 10 89
69 3 33
69 93 67
69 100 57
69 11 28
69 43 65
69 86 1
69 47 27
69 96 70
69 28 50
69 18 60
69 4 93
69 89 17
69 70 75
69 68 36
70 94 79
70 72 75
70 54 88
70 58 52
70 85 51
70 90 100
70 76 48
70 5 64
70 61 91
70 55 79
70 4 97
70 47 61
70 7 89
70 30 54
70 71 48
70 69 75
71 48 56
71 69 72
71 20 52
71 55 58
71 29 27
71 41 69
71 33 67
71 10 16
71 49 2
71 26 32
71 42 55
71 77 11
71 19 63
71 36 46
71 67 21
71 13 44
71 97 10
71 82 57
71 80 54
71 72 57
71 70 48
72 84 94
72 28 49
72 52 6
72 25 90
72 70 75
72 10 67
72 1 13
72 7 21
72 39 56
72 2 8
72 5 71
72 8 71
72 62 41
72 61 7
72 38 81
72 17 92
72 41 49
72 16 7
72 73 65
72 71 57
73 21 80
73 60 26
73 92 98
73 68 7
73 30 3
73 29 2
73 6 78
73 51 15
73 80 30
73 67 42
73 48 24
73 43 84
73 58 99
73 74 82
73 72 65
74 81 42
74 29 33
74 39 32
74 64 96
74 63 84
74 60 53
74 44 1
74 9 42
74 42 52
74 49 52
74 75 85
74 73 82
75 84 67
75 4 36
75 21 88
75 89 66
75 39 31
75 43 83
75 15 75
75 100 26
75 36 20
75 7 10
75 44 85
75 33 87
75 2 88
75 1 67
75 76 1
75 74 85
76 67 87
76 45 85
76 28 4
76 56 65
76 82 73
76 70 48
76 79 58
76 68 85
76 27 37
76 7 50
76 11 87
76 77 82
76 75 1
77 7 79
77 18 65
77 35 67
77 19 10
77 44 24
77 39 69
77 65 59
77 54 9
77 71 11
77 25 61
77 58 71
77 36 5
77 42 83
77 80 98
77 5 36
77 41 43
77 78 29
77 76 82
78 80 10
78 9 98
78 31 19
78 84 51
78 18 69
78 38 28
78 83 69
78 2 30
78 66 65
78 10 11
78 79 1
78 77 29
79 61 77
79 88 72
79 93 11
79 15 79
79 64 98
79 17 67
79 12 34
79 76 58
79 46 10
79 22 42
79 38 67
79 62 73
79 25 70
79 81 14
79 29 83
79 80 90
79 78 1
80 48 94
80 4 63
80 78 10
80 98 1
80 73 30
80 17 10
80 71 54
80 63 38
80 11 65
80 77 98
80 81 50
80 79 90
81 85 35
81 74 42
81 23 85
81 5 76
81 7 39
81 31 84
81 87 2
81 63 26
81 79 14
81 82 29
81 80 50
82 12 64
82 32 82
82 16 75
82 96 10
82 67 18
82 61 28
82 23 35
82 76 73
82 30 22
82 38 34
82 17 9
82 71 57
82 99 56
82 33 95
82 60 80
82 83 28
82 81 29
83 10 34
83 89 68
83 54 54
83 33 20
83 31 32
83 61 67
83 47 21
83 46 75
83 38 12
83 18 80
83 78 69
83 30 100
83 84 94
83 82 28
84 12 32
84 29 45
84 72 94
84 75 67
84 95 38
84 4 37
84 78 51
84 7 95
84 37 81
84 85 28
84 83 94
85 81 35
85 95 90
85 41 47
85 25 1
85 24 19
85 45 29
85 63 11
85 52 52
85 70 51
85 4 42
85 37 33
85 68 46
85 57 91
85 64 20
85 20 36
85 40 43
85 86 96
85 84 28
86 38 96
86 2 6
86 69 1
86 9 68
86 66 15
86 95 14
86 3 42
86 51 5
86 47 61
86 22 2
86 99 60
86 87 51
86 85 96
87 26 91
87 98 37
87 92 23
87 43 31
87 81 2
87 61 22
87 41 14
87 40 97
87 19 70
87 88 50
87 86 51
88 68 78
88 79 72
88 47 59
88 100 9
88 22 25
88 94 4
88 44 64
88 46 64
88 98 73
88 60 72
88 89 31
88 87 50
89 83 68
89 43 24
89 55 50
89 59 24
89 95 79
89 75 66
89 42 73
89 32 47
89 5 29
89 64 57
89 19 29
89 69 17
89 26 83
89 49 90
89 62 60
89 90 84
89 88 31
90 64 9
90 6 75
90 36 10
90 22 18
90 9 32
90 96 72
90 25 81
90 57 51
90 31 44
90 41 53
90 70 100
90 55 8
90 100 13
90 26 11
90 28 10
90 21 86
90 5 74
90 91 38
90 89 84
91 1 75
91 41 48
91 56 27
91 30 12
91 94 56
91 15 73
91 13 20
91 10 36
91 100 91
91 42 63
91 54 18
91 92 4
91 90 38
92 65 32
92 23 44
92 15 51
92 73 98
92 87 23
92 17 98
92 13 92
92 25 60
92 42 11
92 39 74
92 36 56
92 100 81
92 40 8
92 4 77
92 93 70
92 91 4
93 13 71
93 8 10
93 69 67
93 97 39
93 79 11
93 45 69
93 31 8
93 55 31
93 22 27
93 66 73
93 18 99
93 48 97
93 10 23
93 94 71
93 92 70
94 70 79
94 19 95
94 91 56
94 53 64
94 4 68
94 67 11
94 50 12
94 39 47
94 88 4
94 17 49
94 100 72
94 95 93
94 93 71
95 65 52
95 84 38
95 85 90
95 30 44
95 39 2
95 89 79
95 44 76
95 86 14
95 6 59
95 24 59
95 96 70
95 94 93
96 90 72
96 25 55
96 82 10
96 69 70
96 36 50
96 37 30
96 44 53
96 65 97
96 50 82
96 66 49
96 13 79
96 12 36
96 5 3
96 97 16
96 95 70
97 62 68
97 93 39
97 38 19
97 42 70
97 29 86
97 33 61
97 16 25
97 37 99
97 71 10
97 98 50
97 96 16
98 54 80
98 50 1
98 13 1
98 26 20
98 87 37
98 80 1
98 25 3
98 46 45
98 31 84
98 88 73
98 99 96
98 97 50
99 48 32
99 15 5
99 8 84
99 40 4
99 9 28
99 31 63
99 46 38
99 23 5
99 21 37
99 86 60
99 82 56
99 100 51
99 98 96
100 63 52
100 69 57
100 47 79
100 62 35
100 88 9
100 90 13
100 75 26
100 91 91
100 66 15
100 4 42
100 48 23
100 92 81
100 17 18
100 27 44
100 94 72
100 99 51
