20
1 Montevideo
2 Nueva_York
3 Roma
4 Tokio
5 Moscu
6 Abu_Dhabi_South
7 Hong_Kong
8 Los_Angeles
9 Paris
10 Londres
11 Punta_del_Este
12 Salto
13 Rivera
14 Canelones
15 Colonia
16 Durazno
17 Paysandu
18 Maldonado
19 San_Pablo
20 Buenos_Aires
15
2
13
19
58
1 3 10
1 5 4
1 6 54
1 2 62
2 19 41
2 3 52
2 1 62
3 1 10
3 15 100
3 4 98
3 2 52
4 12 70
4 20 93
4 5 11
4 3 98
5 1 4
5 11 67
5 6 62
5 4 11
6 1 54
6 7 75
6 5 62
7 8 70
7 6 75
8 9 97
8 7 70
9 10 7
9 8 97
10 14 70
10 11 82
10 9 7
11 5 67
11 12 38
11 10 82
12 4 70
12 13 19
12 11 38
13 14 9
13 12 19
14 10 70
14 15 30
14 13 9
15 3 100
15 16 34
15 14 30
16 20 60
16 17 25
16 15 34
17 18 31
17 16 25
18 19 7
18 17 31
19 2 41
19 20 75
19 18 7
20 16 60
20 4 93
20 19 75
