200
1 Montevideo
2 Nueva_York
3 Roma
4 Tokio
5 Moscu
6 Abu_Dhabi_South
7 Hong_Kong
8 Los_Angeles
9 Paris
10 Londres
11 Punta_del_Este
12 Salto
13 Rivera
14 Canelones
15 Colonia
16 Durazno
17 Paysandu
18 Maldonado
19 San_Pablo
20 Buenos_Aires
21 Barcelona
22 Madrid
23 Berlin
24 Amsterdam
25 Lisboa
26 Bruselas
27 Estocolmo
28 Copenhague
29 Helsinki
30 Varsovia_Vieja
31 Atenas
32 El_Cairo
33 Sidney
34 Melbourne
35 Toronto
36 Vancouver
37 Ciudad_de_Mexico
38 Bogota
39 Santiago_de_Chile
40 Quito
41 Lima
42 Caracas
43 Brasilia
44 Ciudad_del_Cabo
45 Johannesburgo
46 Dubai
47 Singapur
48 Seul
49 Beijing
50 Bangkok
51 Estambul
52 Dublin
53 Edimburgo
54 Reikiavik
55 Praga
56 Viena
57 Zurich
58 Ginebra
59 Monaco
60 Luxemburgo
61 Varsovia_Nueva
62 Cracovia
63 Bratislava
64 Liubliana
65 Sarajevo
66 Zagreb
67 Belgrado
68 Budapest
69 Sofia
70 Bucarest
71 Chisinau
72 Kiev
73 Minsk
74 Vilna
75 Riga
76 Tallin
77 Oslo
78 Ciudad_del_Vaticano
79 Salinas
80 San_Petersburgo
81 Murmansk
82 Kaliningrado
83 Ekaterimburgo
84 Novosibirsk
85 Omsk
86 Irkutsk
87 Vladivostok
88 Almaty
89 Astana
90 Tashkent
91 Carrasco
92 Pocitos
93 Malvin
94 Erevan
95 Baku
96 Tbilisi
97 Ankara
98 Teheran
99 Bagdad
100 Damasco
101 Amman
102 Riad
103 Yeda
104 La_Meca
105 Kuwait
106 Manama
107 Doha
108 Muscat
109 Abu_Dhabi_Nort
110 Jerusalen
111 Tel_Aviv
112 Beirut
113 Costa_de_Oro
114 Tunez
115 Argel
116 Rabat
117 Casablanca
118 Marrakech
119 Miami
120 Abiyan
121 Acra
122 Ciudad_Juarez
123 Cordoba
124 Lille
125 Maputo
126 Pretoria
127 Harare
128 Nairobi
129 Alicante
130 Vigo
131 Marbella
132 Jartum
133 Tripoli
134 Bengasi
135 Bella_Union
136 Alejandria
137 Suez
138 Luxor
139 Juba
140 Cartago
141 Antananarivo
142 Port_Louis
143 Florianopolis
144 Bari
145 Male
146 Colombo
147 Thimphu
148 Katmandu
149 Daca
150 Calcuta
151 Bombay
152 Delhi
153 Chennai
154 Bangalore
155 Hyderabad
156 Karachi
157 Islamabad
158 Lahore
159 Kabul
160 Kandahar
161 Bishkek
162 Atlantida
163 Dusambe
164 Ashgabat
165 Samarkanda
166 Bamako
167 Venecia
168 Verona
169 Trieste
170 Dakar
171 Freetown
172 Conakry
173 Monrovia
174 Yamena
175 Yaunde
176 Bangui
177 Tacuarembo
178 Florida
179 Mercedes
180 Fray_Bentos
181 Akron
182 Rosario
183 Castillos
184 Tala
185 Kiyu
186 Bujumbura
187 Valladolid
188 Asmara
189 Oviedo
190 Mogadiscio
191 Mombasa
192 Palma_De_Mallorca
193 Minas
194 Melo
195 Tulsa
196 Paso_De_Los_Toros
197 Sauce
198 Lascano
199 Lusaka
200 Lilongüe
105
19
128
45
5970
1 90 32
1 124 33
1 32 51
1 15 82
1 175 10
1 195 81
1 78 11
1 122 7
1 8 69
1 54 12
1 24 97
1 147 42
1 9 14
1 101 7
1 95 12
1 14 63
1 118 20
1 111 87
1 64 62
1 194 20
1 177 83
1 149 65
1 108 79
1 71 51
1 2 18
2 55 41
2 164 51
2 75 68
2 117 92
2 7 38
2 175 51
2 194 10
2 181 83
2 186 63
2 41 28
2 126 79
2 77 69
2 89 13
2 24 83
2 44 38
2 98 24
2 43 8
2 86 45
2 115 32
2 141 27
2 56 100
2 9 11
2 182 54
2 37 52
2 119 91
2 131 87
2 83 33
2 102 33
2 48 29
2 66 46
2 168 52
2 188 74
2 116 59
2 4 31
2 3 95
2 1 18
3 192 10
3 165 11
3 51 87
3 190 86
3 163 58
3 195 65
3 73 3
3 49 64
3 16 52
3 71 82
3 161 59
3 123 63
3 126 10
3 60 6
3 117 72
3 53 20
3 100 58
3 171 25
3 184 2
3 29 99
3 155 29
3 183 85
3 34 82
3 79 85
3 115 81
3 109 95
3 17 37
3 94 14
3 12 80
3 13 88
3 46 31
3 4 91
3 2 95
4 18 57
4 15 14
4 200 82
4 130 62
4 35 62
4 138 85
4 153 88
4 42 48
4 157 8
4 16 100
4 152 70
4 147 87
4 139 36
4 185 36
4 193 81
4 150 64
4 197 48
4 40 94
4 44 32
4 107 47
4 117 25
4 104 4
4 92 18
4 128 2
4 179 96
4 2 31
4 112 14
4 170 80
4 132 76
4 6 19
4 102 63
4 177 14
4 33 14
4 5 14
4 3 91
5 9 100
5 94 87
5 130 22
5 90 66
5 97 39
5 113 92
5 83 37
5 63 2
5 138 14
5 12 44
5 38 71
5 93 3
5 31 35
5 119 21
5 172 88
5 40 16
5 101 78
5 156 64
5 51 24
5 132 3
5 142 59
5 54 92
5 163 10
5 185 22
5 50 47
5 48 59
5 165 93
5 109 1
5 127 98
5 6 87
5 4 14
6 194 66
6 157 66
6 152 73
6 149 48
6 9 87
6 167 22
6 141 99
6 154 98
6 120 74
6 17 6
6 140 36
6 182 76
6 92 97
6 133 61
6 139 86
6 59 67
6 196 11
6 94 95
6 28 25
6 175 35
6 199 45
6 172 81
6 78 91
6 69 6
6 108 99
6 87 62
6 86 89
6 4 19
6 118 24
6 7 29
6 5 87
7 14 65
7 11 72
7 2 38
7 80 78
7 156 32
7 161 79
7 102 84
7 169 24
7 15 71
7 49 32
7 152 97
7 81 67
7 93 78
7 62 53
7 171 30
7 180 95
7 143 71
7 51 94
7 105 56
7 75 7
7 173 50
7 195 27
7 166 42
7 159 14
7 50 17
7 128 60
7 37 74
7 59 5
7 78 3
7 38 59
7 39 23
7 56 89
7 8 87
7 6 29
8 14 30
8 183 92
8 142 99
8 179 88
8 1 69
8 68 60
8 195 31
8 43 99
8 189 91
8 84 71
8 196 39
8 123 43
8 145 59
8 140 21
8 150 76
8 73 20
8 93 11
8 182 51
8 174 84
8 181 25
8 78 49
8 157 30
8 66 19
8 15 45
8 25 5
8 32 22
8 105 47
8 177 31
8 46 75
8 9 57
8 7 87
9 5 100
9 62 38
9 39 41
9 6 87
9 147 93
9 97 88
9 48 5
9 54 39
9 74 27
9 177 52
9 68 1
9 136 80
9 71 56
9 92 94
9 1 14
9 154 48
9 2 11
9 13 55
9 32 27
9 30 62
9 47 34
9 38 13
9 157 51
9 175 2
9 158 50
9 115 13
9 187 56
9 42 82
9 150 20
9 182 32
9 33 33
9 10 29
9 8 57
10 83 82
10 113 95
10 133 37
10 98 18
10 52 30
10 99 3
10 188 91
10 174 37
10 173 100
10 180 89
10 31 74
10 37 91
10 69 44
10 22 31
10 172 92
10 136 85
10 124 28
10 200 70
10 47 55
10 123 55
10 77 6
10 153 75
10 184 15
10 88 46
10 86 94
10 60 38
10 196 7
10 171 69
10 111 18
10 35 94
10 107 22
10 161 55
10 104 11
10 147 77
10 177 17
10 27 12
10 95 39
10 11 42
10 9 29
11 168 89
11 44 34
11 34 11
11 14 21
11 27 24
11 7 72
11 99 68
11 70 68
11 73 9
11 72 93
11 159 9
11 41 40
11 81 81
11 47 10
11 88 18
11 51 69
11 20 73
11 181 20
11 144 51
11 102 42
11 26 64
11 155 93
11 96 73
11 170 81
11 13 30
11 177 100
11 184 73
11 65 84
11 167 53
11 151 90
11 160 50
11 110 91
11 53 82
11 101 44
11 150 96
11 12 89
11 10 42
12 100 97
12 157 45
12 193 67
12 62 39
12 132 25
12 14 53
12 86 11
12 5 44
12 127 31
12 37 26
12 118 93
12 97 68
12 185 65
12 85 37
12 16 61
12 39 12
12 184 33
12 172 64
12 147 29
12 77 69
12 60 90
12 54 44
12 112 42
12 63 77
12 28 6
12 165 57
12 3 80
12 42 20
12 160 61
12 13 61
12 11 89
13 102 20
13 64 99
13 32 46
13 178 38
13 63 24
13 142 66
13 97 66
13 109 55
13 101 28
13 160 82
13 113 1
13 73 70
13 9 55
13 69 48
13 11 30
13 174 86
13 61 67
13 52 45
13 18 64
13 87 98
13 193 35
13 196 14
13 3 88
13 27 79
13 165 50
13 153 66
13 14 33
13 12 61
14 134 73
14 50 61
14 161 89
14 8 30
14 11 21
14 7 65
14 125 10
14 12 53
14 153 30
14 63 93
14 46 3
14 97 91
14 28 30
14 31 19
14 92 29
14 20 60
14 1 63
14 27 83
14 85 88
14 104 52
14 78 62
14 17 4
14 51 37
14 133 75
14 21 46
14 29 87
14 121 55
14 45 95
14 169 26
14 96 78
14 106 80
14 119 26
14 15 44
14 13 33
15 4 14
15 81 31
15 56 67
15 69 3
15 181 55
15 54 42
15 1 82
15 78 27
15 176 4
15 7 71
15 101 26
15 109 88
15 125 42
15 80 12
15 65 19
15 88 37
15 26 17
15 85 35
15 32 77
15 33 11
15 39 92
15 36 57
15 89 91
15 130 56
15 95 37
15 112 1
15 150 83
15 8 45
15 145 21
15 50 28
15 68 47
15 193 32
15 96 96
15 152 53
15 16 39
15 14 44
16 134 48
16 186 61
16 127 65
16 44 15
16 181 33
16 187 80
16 4 100
16 168 15
16 3 52
16 71 66
16 12 61
16 174 74
16 191 31
16 185 9
16 125 87
16 68 80
16 62 16
16 200 11
16 35 85
16 43 32
16 121 84
16 166 60
16 193 37
16 95 99
16 54 67
16 153 2
16 109 55
16 129 59
16 107 63
16 176 48
16 47 66
16 146 81
16 70 53
16 27 91
16 17 22
16 15 39
17 133 68
17 131 85
17 138 70
17 84 51
17 21 44
17 83 41
17 57 27
17 187 59
17 85 49
17 132 28
17 181 45
17 6 6
17 174 91
17 50 81
17 190 36
17 146 75
17 178 47
17 14 4
17 3 37
17 155 52
17 94 12
17 82 41
17 198 72
17 109 28
17 195 31
17 95 19
17 53 97
17 149 21
17 119 33
17 18 59
17 16 22
18 4 57
18 142 22
18 176 86
18 72 88
18 54 6
18 127 97
18 120 33
18 157 2
18 78 78
18 179 32
18 169 49
18 75 15
18 94 6
18 111 97
18 45 6
18 92 41
18 137 18
18 63 91
18 56 36
18 159 62
18 134 3
18 113 94
18 13 64
18 77 88
18 110 95
18 172 78
18 19 99
18 17 59
19 112 33
19 63 72
19 189 20
19 81 70
19 114 9
19 160 19
19 46 52
19 133 35
19 91 79
19 26 70
19 87 67
19 150 55
19 21 22
19 32 90
19 154 98
19 148 6
19 180 48
19 94 31
19 137 17
19 115 83
19 86 99
19 184 96
19 68 50
19 20 85
19 18 99
20 146 97
20 105 39
20 167 7
20 164 51
20 139 77
20 189 66
20 138 64
20 126 54
20 44 13
20 68 71
20 72 88
20 11 73
20 32 44
20 51 11
20 149 100
20 14 60
20 180 88
20 41 22
20 169 45
20 34 71
20 187 36
20 50 27
20 134 7
20 172 63
20 122 35
20 142 8
20 171 59
20 101 8
20 21 42
20 19 85
21 69 82
21 67 43
21 17 44
21 129 100
21 117 51
21 128 68
21 105 63
21 194 49
21 95 30
21 96 10
21 62 23
21 141 77
21 97 21
21 89 59
21 19 22
21 122 45
21 134 7
21 160 20
21 145 92
21 179 27
21 188 45
21 88 12
21 171 82
21 85 9
21 92 43
21 14 46
21 68 44
21 22 30
21 20 42
22 104 83
22 32 45
22 162 66
22 34 1
22 52 75
22 134 16
22 36 57
22 46 48
22 66 8
22 106 12
22 24 18
22 148 14
22 81 19
22 94 96
22 10 31
22 75 95
22 27 57
22 176 12
22 191 71
22 150 69
22 63 44
22 48 44
22 122 43
22 115 17
22 163 19
22 35 4
22 178 85
22 60 3
22 23 96
22 21 30
23 101 49
23 77 5
23 119 96
23 148 67
23 71 25
23 175 90
23 30 8
23 141 12
23 136 73
23 170 44
23 147 58
23 157 85
23 174 56
23 38 18
23 29 1
23 68 72
23 39 60
23 104 64
23 33 78
23 24 75
23 22 96
24 149 84
24 200 85
24 117 65
24 161 28
24 34 87
24 121 27
24 190 81
24 133 86
24 86 8
24 22 18
24 89 28
24 94 15
24 1 97
24 2 83
24 77 62
24 103 28
24 144 81
24 67 46
24 140 5
24 112 92
24 90 49
24 43 63
24 120 19
24 184 69
24 38 71
24 25 45
24 23 75
25 152 98
25 91 92
25 94 31
25 158 99
25 155 94
25 38 5
25 198 18
25 110 64
25 184 55
25 186 88
25 134 18
25 31 59
25 121 55
25 112 26
25 125 92
25 173 39
25 60 21
25 103 57
25 8 5
25 83 84
25 34 93
25 55 53
25 92 31
25 26 35
25 24 45
26 108 55
26 111 2
26 69 71
26 168 32
26 178 76
26 55 78
26 11 64
26 19 70
26 186 56
26 31 46
26 15 17
26 133 12
26 132 63
26 57 47
26 146 62
26 194 91
26 199 17
26 124 62
26 144 64
26 74 29
26 143 53
26 88 10
26 33 61
26 187 27
26 93 93
26 96 35
26 27 75
26 25 35
27 167 7
27 146 78
27 147 5
27 11 24
27 145 98
27 59 73
27 33 39
27 74 51
27 34 12
27 80 89
27 124 7
27 117 2
27 113 97
27 116 71
27 165 6
27 22 57
27 41 30
27 31 18
27 170 72
27 45 94
27 14 83
27 153 24
27 134 8
27 185 41
27 63 28
27 178 71
27 51 38
27 13 79
27 10 12
27 16 91
27 200 95
27 92 89
27 28 37
27 26 75
28 56 79
28 152 5
28 183 77
28 96 37
28 14 30
28 141 95
28 180 31
28 64 30
28 161 1
28 98 3
28 38 23
28 31 64
28 42 15
28 192 34
28 191 27
28 6 25
28 121 60
28 189 7
28 12 6
28 53 55
28 193 94
28 163 68
28 137 66
28 171 95
28 107 53
28 29 31
28 27 37
29 185 95
29 91 27
29 168 94
29 186 57
29 46 16
29 111 61
29 132 76
29 75 35
29 152 73
29 160 51
29 80 69
29 116 17
29 31 40
29 3 99
29 158 20
29 40 38
29 62 42
29 127 34
29 147 31
29 118 62
29 49 59
29 115 98
29 23 1
29 198 34
29 193 72
29 14 87
29 171 7
29 166 29
29 30 6
29 28 31
30 97 13
30 131 64
30 126 77
30 177 53
30 180 97
30 91 69
30 106 99
30 129 100
30 190 90
30 85 38
30 23 8
30 50 34
30 165 65
30 142 71
30 133 54
30 111 77
30 115 71
30 135 10
30 181 48
30 42 46
30 143 33
30 73 2
30 74 1
30 72 86
30 121 18
30 76 64
30 9 62
30 39 73
30 117 76
30 173 18
30 151 35
30 31 2
30 29 6
31 190 43
31 54 87
31 60 76
31 41 52
31 48 50
31 82 6
31 115 32
31 166 5
31 191 37
31 10 74
31 192 11
31 5 35
31 170 25
31 67 89
31 14 19
31 72 96
31 154 74
31 45 37
31 27 18
31 26 46
31 29 40
31 28 64
31 25 59
31 110 3
31 153 1
31 52 63
31 132 16
31 77 62
31 130 4
31 156 83
31 138 70
31 193 38
31 32 87
31 30 2
32 106 80
32 22 45
32 80 84
32 1 51
32 13 46
32 190 87
32 82 22
32 57 39
32 20 44
32 9 27
32 130 71
32 15 77
32 54 25
32 109 23
32 74 31
32 19 90
32 159 37
32 139 38
32 99 60
32 46 84
32 8 22
32 163 37
32 146 89
32 154 84
32 33 75
32 31 87
33 169 35
33 43 64
33 65 30
33 165 6
33 42 2
33 27 39
33 180 1
33 191 21
33 77 78
33 193 81
33 171 3
33 91 77
33 80 11
33 107 21
33 84 93
33 167 66
33 15 11
33 174 92
33 125 14
33 161 21
33 151 40
33 123 24
33 66 6
33 92 79
33 23 78
33 187 6
33 102 95
33 26 61
33 108 24
33 158 89
33 9 33
33 4 14
33 34 48
33 32 75
34 48 22
34 11 11
34 22 1
34 70 83
34 24 87
34 100 69
34 178 88
34 67 30
34 27 12
34 108 68
34 181 81
34 102 71
34 124 36
34 110 90
34 3 82
34 132 10
34 174 65
34 154 12
34 20 71
34 97 50
34 160 56
34 36 10
34 92 88
34 25 93
34 96 34
34 35 29
34 33 48
35 168 71
35 151 6
35 118 69
35 4 62
35 192 65
35 74 34
35 51 96
35 161 13
35 157 10
35 138 78
35 65 39
35 198 18
35 180 98
35 16 85
35 136 13
35 41 93
35 167 36
35 37 62
35 10 94
35 176 5
35 95 30
35 165 65
35 44 83
35 172 51
35 89 58
35 103 24
35 22 4
35 94 15
35 36 88
35 34 29
36 177 76
36 142 36
36 22 57
36 56 82
36 149 56
36 82 65
36 179 79
36 66 4
36 192 94
36 131 88
36 59 16
36 94 37
36 157 47
36 127 47
36 99 73
36 115 71
36 189 81
36 155 32
36 117 21
36 112 36
36 102 6
36 15 57
36 160 27
36 141 51
36 181 70
36 86 37
36 34 10
36 176 100
36 136 17
36 44 48
36 169 48
36 37 34
36 35 88
37 120 26
37 197 6
37 161 71
37 100 18
37 121 89
37 94 65
37 104 31
37 151 55
37 74 4
37 114 26
37 10 91
37 155 43
37 88 5
37 119 99
37 12 26
37 156 95
37 111 5
37 99 95
37 55 73
37 2 52
37 35 62
37 62 67
37 162 99
37 102 96
37 139 100
37 7 74
37 147 85
37 91 11
37 116 81
37 38 58
37 36 34
38 173 58
38 92 45
38 100 17
38 183 100
38 25 5
38 5 71
38 128 76
38 149 46
38 96 26
38 104 53
38 85 65
38 120 79
38 164 48
38 72 29
38 186 12
38 139 36
38 28 23
38 86 10
38 82 85
38 61 60
38 141 19
38 9 13
38 129 23
38 158 18
38 196 71
38 23 18
38 53 70
38 24 71
38 136 87
38 77 52
38 70 77
38 54 44
38 178 99
38 170 2
38 7 59
38 39 26
38 37 58
39 9 41
39 181 76
39 105 29
39 155 4
39 65 18
39 188 49
39 85 74
39 192 70
39 43 90
39 187 63
39 66 98
39 12 12
39 73 76
39 199 41
39 77 3
39 140 57
39 15 92
39 116 58
39 133 97
39 167 29
39 57 40
39 30 73
39 54 89
39 23 60
39 169 23
39 131 20
39 173 95
39 107 78
39 150 62
39 46 74
39 7 23
39 88 25
39 40 43
39 38 26
40 180 80
40 192 52
40 156 31
40 126 77
40 190 43
40 87 56
40 113 26
40 100 48
40 104 33
40 196 11
40 63 29
40 5 16
40 170 72
40 121 12
40 96 59
40 4 94
40 147 65
40 29 38
40 78 15
40 166 74
40 51 69
40 77 20
40 83 82
40 41 38
40 39 43
41 101 10
41 31 52
41 134 66
41 138 35
41 160 27
41 2 28
41 115 75
41 59 22
41 11 40
41 156 12
41 141 46
41 27 30
41 35 93
41 87 69
41 55 38
41 20 22
41 200 50
41 98 5
41 195 7
41 60 82
41 169 82
41 174 52
41 85 8
41 107 88
41 42 67
41 40 38
42 69 20
42 185 82
42 168 12
42 154 9
42 119 97
42 169 53
42 33 2
42 117 26
42 174 85
42 120 9
42 4 48
42 59 58
42 170 75
42 92 81
42 80 17
42 30 46
42 28 15
42 191 93
42 144 49
42 9 82
42 186 83
42 76 32
42 12 20
42 43 83
42 41 67
43 33 64
43 138 93
43 66 26
43 178 29
43 119 38
43 108 64
43 123 32
43 45 31
43 39 90
43 8 99
43 59 26
43 118 3
43 88 49
43 2 8
43 80 90
43 77 18
43 188 76
43 51 58
43 163 51
43 16 32
43 170 51
43 55 71
43 111 44
43 24 63
43 78 3
43 191 66
43 146 23
43 181 91
43 53 3
43 79 28
43 103 1
43 44 98
43 42 83
44 11 34
44 102 40
44 77 56
44 90 47
44 96 88
44 84 19
44 16 15
44 55 61
44 167 86
44 20 13
44 2 38
44 86 11
44 121 96
44 4 32
44 60 18
44 82 28
44 75 22
44 163 7
44 35 83
44 94 56
44 200 100
44 36 48
44 62 11
44 45 99
44 43 98
45 81 18
45 75 66
45 96 92
45 49 62
45 43 31
45 71 15
45 100 28
45 18 6
45 155 16
45 137 25
45 31 37
45 98 97
45 128 39
45 27 94
45 149 36
45 55 21
45 107 34
45 196 84
45 91 97
45 154 10
45 14 95
45 151 17
45 134 85
45 148 83
45 93 2
45 46 27
45 44 99
46 89 32
46 22 48
46 77 85
46 29 16
46 14 3
46 164 91
46 151 12
46 104 86
46 19 52
46 156 70
46 92 52
46 51 7
46 141 98
46 165 90
46 170 7
46 85 44
46 88 15
46 150 98
46 32 84
46 184 57
46 66 88
46 95 24
46 3 31
46 39 74
46 8 75
46 145 71
46 47 36
46 45 27
47 61 67
47 85 100
47 192 48
47 103 76
47 11 10
47 10 55
47 99 78
47 172 65
47 119 24
47 187 59
47 154 30
47 171 25
47 89 54
47 131 28
47 129 7
47 9 34
47 147 7
47 157 10
47 124 36
47 106 33
47 178 70
47 115 16
47 149 82
47 117 5
47 195 72
47 16 66
47 84 42
47 48 72
47 46 36
48 34 22
48 50 41
48 31 50
48 62 20
48 54 35
48 79 42
48 118 1
48 120 25
48 173 84
48 70 72
48 9 5
48 89 77
48 90 64
48 139 82
48 179 36
48 101 11
48 172 17
48 197 70
48 147 58
48 58 46
48 114 63
48 145 96
48 22 44
48 185 66
48 88 31
48 184 61
48 194 67
48 2 29
48 73 12
48 187 62
48 5 59
48 165 89
48 49 85
48 47 72
49 106 100
49 182 86
49 109 68
49 189 63
49 45 62
49 122 95
49 197 95
49 124 49
49 3 64
49 66 49
49 198 4
49 7 32
49 162 23
49 157 32
49 158 10
49 185 98
49 69 73
49 139 15
49 105 38
49 74 89
49 29 59
49 81 2
49 151 67
49 148 14
49 50 34
49 48 85
50 48 41
50 14 61
50 89 79
50 52 45
50 107 80
50 196 52
50 163 90
50 80 10
50 81 63
50 30 34
50 57 49
50 140 68
50 145 70
50 162 51
50 190 34
50 91 98
50 17 81
50 139 16
50 63 51
50 99 29
50 118 8
50 113 54
50 75 97
50 20 27
50 5 47
50 7 17
50 15 28
50 108 1
50 122 22
50 51 9
50 49 34
51 148 66
51 162 55
51 83 11
51 3 87
51 35 96
51 126 7
51 53 87
51 133 56
51 76 48
51 91 91
51 153 87
51 11 69
51 171 50
51 46 7
51 166 64
51 20 11
51 43 58
51 69 40
51 5 24
51 197 5
51 85 2
51 118 92
51 151 83
51 189 46
51 177 76
51 14 37
51 7 94
51 144 68
51 79 45
51 27 38
51 40 69
51 97 21
51 68 41
51 175 52
51 186 36
51 52 79
51 50 9
52 137 44
52 10 30
52 50 45
52 22 75
52 102 76
52 97 36
52 165 82
52 124 11
52 145 60
52 130 61
52 176 52
52 190 37
52 148 35
52 131 76
52 161 96
52 117 52
52 58 100
52 54 20
52 31 63
52 90 29
52 147 36
52 123 28
52 106 55
52 71 23
52 187 26
52 56 42
52 151 13
52 13 45
52 180 53
52 195 61
52 53 16
52 51 79
53 130 92
53 183 58
53 160 63
53 174 64
53 129 95
53 51 87
53 177 80
53 151 51
53 194 33
53 60 18
53 156 51
53 3 20
53 105 79
53 126 81
53 85 62
53 98 32
53 38 70
53 11 82
53 28 55
53 43 3
53 80 92
53 161 88
53 148 9
53 17 97
53 54 4
53 52 16
54 107 81
54 31 87
54 102 40
54 48 35
54 154 86
54 112 40
54 18 6
54 175 79
54 15 42
54 56 45
54 80 63
54 123 43
54 9 39
54 1 12
54 72 88
54 101 19
54 171 52
54 138 26
54 183 17
54 187 22
54 166 58
54 172 43
54 195 63
54 52 20
54 32 25
54 162 53
54 5 92
54 61 46
54 12 44
54 39 89
54 16 67
54 178 93
54 81 72
54 62 99
54 146 70
54 114 55
54 38 44
54 164 35
54 182 21
54 200 32
54 142 34
54 55 53
54 53 4
55 145 45
55 156 63
55 2 41
55 140 49
55 170 83
55 122 33
55 83 17
55 118 74
55 74 79
55 44 61
55 60 13
55 139 56
55 109 39
55 58 96
55 125 95
55 26 78
55 191 34
55 37 73
55 157 48
55 65 25
55 43 71
55 188 24
55 41 38
55 133 84
55 64 3
55 85 20
55 179 1
55 79 75
55 45 21
55 104 37
55 25 53
55 152 6
55 162 33
55 150 53
55 111 29
55 199 80
55 56 60
55 54 53
56 140 10
56 28 79
56 73 38
56 15 67
56 36 82
56 54 45
56 89 4
56 127 22
56 119 100
56 146 12
56 183 3
56 2 100
56 130 43
56 124 89
56 172 39
56 151 85
56 155 12
56 181 35
56 18 36
56 52 42
56 150 35
56 147 63
56 179 93
56 95 63
56 163 68
56 145 88
56 7 89
56 57 90
56 55 60
57 198 35
57 17 27
57 100 90
57 64 2
57 50 49
57 137 83
57 32 39
57 102 50
57 97 48
57 74 78
57 26 47
57 148 14
57 93 83
57 90 31
57 39 40
57 82 38
57 141 18
57 133 3
57 68 77
57 58 80
57 56 90
58 181 52
58 164 76
58 178 69
58 65 97
58 55 96
58 99 62
58 157 75
58 174 47
58 146 18
58 69 79
58 145 30
58 75 21
58 52 100
58 161 98
58 122 47
58 107 31
58 48 46
58 170 83
58 68 78
58 103 29
58 147 86
58 128 89
58 87 53
58 111 84
58 59 48
58 57 80
59 177 62
59 150 69
59 180 16
59 27 73
59 196 49
59 91 66
59 41 22
59 74 66
59 80 84
59 42 58
59 43 26
59 36 16
59 84 22
59 166 48
59 198 90
59 195 52
59 115 27
59 169 93
59 6 67
59 111 31
59 69 3
59 7 5
59 110 87
59 61 12
59 172 71
59 60 21
59 58 48
60 79 44
60 31 76
60 158 22
60 103 60
60 143 59
60 55 13
60 131 13
60 145 75
60 53 18
60 157 79
60 3 6
60 126 94
60 12 90
60 44 18
60 10 38
60 110 54
60 188 68
60 93 16
60 41 82
60 191 14
60 25 21
60 106 92
60 183 13
60 144 58
60 97 38
60 91 6
60 199 60
60 163 79
60 22 3
60 72 49
60 61 37
60 59 21
61 184 34
61 47 67
61 170 6
61 150 85
61 121 27
61 80 84
61 103 31
61 65 35
61 159 12
61 174 25
61 115 42
61 110 74
61 182 8
61 158 98
61 154 44
61 193 7
61 38 60
61 13 67
61 54 46
61 136 35
61 135 80
61 59 12
61 86 60
61 194 64
61 62 50
61 60 37
62 9 38
62 169 81
62 120 89
62 12 39
62 48 20
62 166 78
62 112 70
62 147 49
62 96 50
62 160 65
62 148 17
62 84 63
62 177 6
62 21 23
62 165 52
62 83 69
62 118 54
62 16 16
62 178 15
62 7 53
62 92 46
62 37 67
62 170 6
62 29 42
62 191 70
62 97 33
62 144 10
62 113 31
62 54 99
62 116 37
62 44 11
62 163 11
62 63 59
62 61 50
63 123 3
63 148 69
63 131 28
63 19 72
63 5 2
63 113 71
63 149 97
63 14 93
63 13 24
63 168 64
63 70 98
63 40 29
63 196 2
63 193 39
63 197 24
63 18 91
63 22 44
63 50 51
63 27 28
63 71 16
63 12 77
63 109 84
63 171 33
63 118 96
63 121 1
63 64 11
63 62 59
64 153 79
64 101 34
64 13 99
64 131 87
64 57 2
64 86 57
64 126 36
64 28 30
64 113 44
64 128 69
64 76 78
64 182 19
64 55 3
64 127 67
64 130 40
64 132 1
64 188 28
64 1 62
64 143 91
64 68 7
64 104 53
64 100 48
64 65 97
64 63 11
65 200 9
65 33 30
65 78 66
65 39 18
65 148 50
65 58 97
65 109 90
65 61 35
65 190 14
65 193 51
65 153 75
65 35 39
65 15 19
65 97 8
65 91 4
65 55 25
65 187 67
65 100 17
65 147 82
65 11 84
65 152 26
65 150 33
65 164 43
65 112 60
65 82 43
65 119 89
65 80 3
65 69 90
65 66 87
65 64 97
66 177 10
66 181 99
66 43 26
66 90 3
66 88 88
66 142 50
66 22 8
66 163 65
66 72 62
66 97 13
66 36 4
66 147 7
66 49 49
66 81 95
66 39 98
66 105 61
66 158 68
66 129 52
66 70 11
66 102 94
66 108 67
66 8 19
66 2 46
66 33 6
66 127 91
66 141 28
66 109 35
66 46 88
66 104 25
66 84 96
66 120 77
66 176 44
66 139 33
66 131 95
66 67 50
66 65 87
67 186 31
67 150 80
67 159 3
67 21 43
67 92 38
67 105 65
67 89 40
67 99 84
67 103 35
67 34 30
67 31 89
67 147 96
67 181 13
67 189 12
67 24 46
67 134 22
67 118 15
67 156 11
67 125 14
67 131 88
67 121 68
67 196 67
67 95 17
67 98 74
67 117 17
67 102 75
67 101 68
67 68 83
67 66 50
68 190 72
68 149 27
68 109 81
68 100 16
68 82 12
68 186 89
68 172 73
68 8 60
68 9 1
68 20 71
68 193 23
68 93 22
68 16 80
68 170 68
68 151 9
68 154 90
68 171 24
68 78 6
68 134 42
68 196 35
68 58 78
68 23 72
68 178 65
68 165 43
68 15 47
68 64 7
68 21 44
68 86 94
68 51 41
68 57 77
68 19 50
68 69 44
68 67 83
69 42 20
69 180 66
69 21 82
69 26 71
69 160 38
69 166 31
69 15 3
69 137 1
69 128 86
69 10 44
69 194 58
69 109 45
69 81 34
69 51 40
69 58 79
69 13 48
69 122 92
69 127 94
69 49 73
69 188 82
69 133 100
69 171 34
69 94 65
69 186 5
69 199 92
69 108 82
69 6 6
69 59 3
69 146 87
69 65 90
69 70 75
69 68 44
70 146 69
70 105 7
70 34 83
70 109 95
70 167 58
70 11 68
70 100 26
70 179 97
70 48 72
70 63 98
70 151 15
70 82 25
70 178 75
70 66 11
70 120 86
70 164 61
70 181 6
70 199 50
70 38 77
70 185 95
70 144 85
70 191 52
70 16 53
70 71 25
70 69 75
71 92 73
71 23 25
71 154 60
71 175 84
71 45 15
71 197 90
71 79 62
71 16 66
71 9 56
71 3 82
71 86 9
71 80 19
71 149 58
71 170 100
71 138 82
71 194 64
71 140 54
71 137 76
71 85 7
71 111 41
71 110 22
71 52 23
71 63 16
71 126 30
71 148 67
71 165 73
71 172 20
71 96 31
71 196 15
71 1 51
71 72 33
71 70 25
72 173 1
72 200 62
72 111 68
72 88 73
72 198 12
72 117 53
72 18 88
72 150 27
72 11 93
72 54 88
72 66 62
72 96 51
72 20 88
72 31 96
72 38 29
72 30 86
72 146 78
72 124 45
72 165 42
72 95 99
72 104 26
72 108 6
72 160 67
72 60 49
72 73 93
72 71 33
73 196 78
73 56 38
73 133 62
73 89 98
73 80 20
73 11 9
73 82 98
73 3 3
73 146 77
73 141 100
73 39 76
73 8 20
73 30 2
73 13 70
73 194 60
73 186 52
73 188 50
73 151 7
73 179 86
73 134 74
73 195 30
73 48 12
73 92 84
73 108 28
73 81 24
73 175 40
73 74 7
73 72 93
74 168 36
74 191 1
74 182 52
74 129 49
74 153 42
74 35 34
74 37 4
74 181 30
74 150 52
74 27 51
74 55 79
74 59 66
74 9 27
74 105 67
74 155 7
74 94 51
74 127 21
74 93 31
74 141 46
74 152 81
74 30 1
74 91 24
74 184 43
74 57 78
74 107 32
74 171 45
74 32 31
74 49 89
74 85 18
74 101 83
74 26 29
74 124 79
74 160 41
74 196 15
74 102 98
74 189 32
74 75 31
74 73 7
75 164 2
75 2 68
75 191 86
75 110 59
75 134 26
75 85 87
75 45 66
75 22 95
75 124 54
75 29 35
75 18 15
75 90 82
75 58 21
75 44 22
75 162 58
75 7 7
75 188 92
75 152 89
75 50 97
75 177 31
75 156 92
75 83 85
75 148 60
75 76 44
75 74 31
76 116 75
76 152 91
76 185 34
76 84 88
76 134 97
76 170 67
76 92 13
76 169 39
76 51 48
76 180 93
76 119 44
76 175 8
76 30 64
76 97 62
76 64 78
76 90 28
76 42 32
76 198 15
76 77 85
76 75 44
77 44 56
77 23 5
77 166 8
77 139 73
77 110 53
77 46 85
77 196 67
77 2 69
77 24 62
77 33 78
77 147 23
77 172 22
77 170 73
77 150 21
77 108 48
77 43 18
77 125 24
77 136 17
77 10 6
77 12 69
77 39 3
77 167 67
77 31 62
77 38 52
77 18 88
77 159 31
77 40 20
77 122 36
77 168 64
77 155 1
77 102 69
77 78 18
77 76 85
78 65 66
78 15 27
78 130 42
78 1 11
78 18 78
78 87 9
78 136 40
78 146 75
78 117 47
78 107 1
78 110 61
78 14 62
78 43 3
78 158 88
78 194 67
78 8 49
78 68 6
78 40 15
78 165 74
78 103 17
78 6 91
78 118 7
78 80 34
78 181 49
78 108 90
78 95 17
78 7 3
78 79 67
78 77 18
79 60 44
79 192 58
79 151 96
79 48 42
79 82 31
79 71 62
79 122 80
79 117 94
79 96 25
79 135 77
79 172 18
79 3 85
79 107 34
79 55 75
79 129 9
79 178 76
79 43 28
79 51 45
79 145 84
79 91 88
79 80 70
79 78 67
80 95 63
80 173 48
80 140 86
80 189 73
80 83 40
80 151 36
80 32 84
80 7 78
80 50 10
80 54 63
80 73 20
80 161 78
80 61 84
80 27 89
80 59 84
80 111 8
80 149 60
80 71 19
80 175 31
80 43 90
80 42 17
80 85 14
80 139 91
80 15 12
80 33 11
80 29 69
80 148 46
80 127 64
80 182 80
80 188 65
80 187 83
80 53 92
80 78 34
80 65 3
80 194 10
80 81 52
80 79 70
81 92 15
81 15 31
81 195 69
81 167 100
81 116 48
81 45 18
81 157 20
81 156 80
81 166 8
81 19 70
81 50 63
81 22 19
81 97 99
81 11 81
81 86 70
81 66 95
81 180 71
81 129 80
81 7 67
81 69 34
81 145 63
81 192 48
81 146 52
81 178 43
81 49 2
81 54 72
81 134 49
81 73 24
81 147 13
81 128 82
81 152 26
81 82 75
81 80 52
82 68 12
82 150 28
82 31 6
82 182 93
82 95 47
82 36 65
82 79 31
82 73 98
82 139 33
82 200 19
82 169 48
82 32 22
82 183 6
82 87 35
82 70 25
82 191 69
82 38 85
82 44 28
82 57 38
82 17 41
82 115 42
82 65 43
82 153 62
82 179 74
82 188 54
82 83 100
82 81 75
83 10 82
83 80 40
83 17 41
83 51 11
83 55 17
83 5 37
83 110 15
83 140 97
83 62 69
83 166 89
83 115 6
83 187 81
83 162 76
83 178 100
83 126 93
83 2 33
83 25 84
83 98 99
83 181 91
83 170 76
83 134 57
83 75 85
83 40 82
83 84 67
83 82 100
84 76 88
84 17 51
84 147 84
84 44 19
84 142 59
84 87 9
84 126 93
84 86 39
84 8 71
84 62 63
84 59 22
84 155 75
84 164 44
84 33 93
84 179 70
84 178 76
84 124 57
84 139 3
84 66 96
84 195 61
84 47 42
84 122 11
84 85 31
84 83 67
85 174 67
85 154 12
85 164 68
85 47 100
85 30 38
85 75 87
85 152 9
85 170 4
85 39 74
85 192 59
85 17 49
85 12 37
85 38 65
85 112 37
85 187 19
85 80 14
85 181 80
85 141 78
85 197 58
85 51 2
85 15 35
85 148 36
85 139 83
85 151 13
85 14 88
85 165 95
85 55 20
85 71 7
85 53 62
85 46 44
85 161 27
85 189 63
85 168 80
85 74 18
85 21 9
85 41 8
85 86 52
85 84 31
86 146 22
86 131 52
86 12 11
86 24 8
86 158 57
86 64 57
86 84 39
86 81 70
86 71 9
86 182 82
86 2 45
86 44 11
86 141 21
86 200 15
86 38 10
86 10 94
86 140 39
86 89 18
86 175 51
86 36 37
86 117 90
86 68 94
86 19 99
86 61 60
86 6 89
86 87 78
86 85 52
87 125 3
87 157 22
87 102 89
87 155 82
87 121 94
87 40 56
87 145 92
87 84 9
87 78 9
87 184 57
87 141 39
87 154 20
87 146 94
87 126 85
87 19 67
87 82 35
87 161 48
87 41 69
87 162 83
87 135 14
87 127 90
87 176 92
87 13 98
87 93 48
87 6 62
87 138 83
87 116 62
87 58 53
87 88 72
87 86 78
88 92 11
88 72 73
88 179 5
88 66 88
88 178 72
88 185 5
88 37 5
88 11 18
88 43 49
88 173 86
88 120 48
88 15 37
88 125 39
88 10 46
88 94 40
88 147 51
88 48 31
88 21 12
88 46 15
88 113 70
88 26 10
88 106 65
88 39 25
88 89 83
88 87 72
89 110 86
89 50 79
89 130 60
89 67 40
89 46 32
89 56 4
89 166 6
89 73 98
89 2 13
89 24 28
89 48 77
89 94 41
89 159 27
89 47 54
89 21 59
89 86 18
89 172 100
89 117 48
89 167 7
89 15 91
89 35 58
89 105 90
89 122 47
89 161 10
89 149 20
89 156 61
89 136 78
89 183 30
89 192 9
89 90 26
89 88 83
90 44 47
90 200 38
90 147 65
90 5 66
90 1 32
90 66 3
90 104 82
90 97 10
90 99 71
90 135 97
90 48 64
90 75 82
90 24 49
90 100 76
90 52 29
90 144 22
90 195 81
90 120 59
90 57 31
90 157 48
90 125 25
90 76 28
90 130 100
90 117 34
90 173 16
90 91 92
90 89 26
91 133 41
91 29 27
91 30 69
91 25 92
91 59 66
91 151 63
91 135 80
91 156 30
91 51 91
91 162 11
91 33 77
91 179 66
91 19 79
91 50 98
91 106 94
91 65 4
91 74 24
91 139 40
91 176 4
91 110 80
91 132 38
91 97 90
91 181 88
91 148 100
91 104 81
91 150 39
91 98 15
91 45 97
91 138 38
91 60 6
91 198 15
91 37 11
91 79 88
91 92 71
91 90 92
92 81 15
92 149 8
92 174 57
92 88 11
92 110 53
92 67 38
92 71 73
92 38 45
92 125 31
92 76 13
92 182 39
92 115 89
92 117 61
92 111 29
92 46 52
92 9 94
92 134 78
92 42 81
92 18 41
92 14 29
92 102 92
92 6 97
92 142 88
92 62 46
92 118 5
92 136 95
92 137 40
92 4 18
92 177 49
92 144 59
92 34 88
92 73 84
92 33 79
92 21 43
92 133 72
92 25 31
92 176 96
92 103 48
92 160 23
92 27 89
92 93 27
92 91 71
93 5 3
93 185 12
93 184 98
93 68 22
93 180 71
93 200 35
93 7 78
93 74 31
93 8 11
93 111 98
93 183 63
93 132 53
93 195 48
93 165 84
93 60 16
93 194 67
93 57 83
93 153 41
93 199 64
93 188 23
93 167 100
93 87 48
93 45 2
93 144 37
93 101 72
93 26 93
93 94 2
93 92 27
94 5 87
94 116 100
94 114 95
94 112 79
94 37 65
94 25 31
94 186 6
94 178 68
94 24 15
94 22 96
94 132 7
94 130 62
94 74 51
94 190 87
94 183 5
94 18 6
94 89 41
94 36 37
94 142 26
94 88 40
94 197 3
94 175 75
94 6 95
94 136 98
94 17 12
94 3 14
94 69 65
94 128 50
94 19 31
94 44 56
94 180 55
94 144 43
94 151 99
94 35 15
94 95 81
94 93 2
95 109 27
95 80 63
95 98 40
95 82 47
95 161 62
95 170 66
95 118 68
95 107 8
95 21 30
95 1 12
95 169 26
95 119 50
95 166 92
95 123 95
95 72 99
95 15 37
95 35 30
95 16 99
95 67 17
95 132 40
95 133 97
95 176 12
95 56 63
95 46 24
95 78 17
95 17 19
95 10 39
95 96 75
95 94 81
96 191 30
96 44 88
96 62 50
96 28 37
96 145 85
96 45 92
96 161 40
96 38 26
96 72 51
96 100 31
96 21 10
96 79 25
96 11 73
96 177 38
96 40 59
96 106 99
96 146 35
96 15 96
96 71 31
96 169 76
96 148 100
96 34 34
96 14 78
96 172 92
96 26 35
96 97 89
96 95 75
97 30 13
97 109 52
97 5 39
97 129 70
97 106 21
97 52 36
97 90 10
97 9 88
97 13 66
97 81 99
97 12 68
97 166 22
97 66 13
97 14 91
97 184 16
97 161 66
97 21 21
97 141 69
97 65 8
97 57 48
97 197 60
97 76 62
97 34 50
97 91 90
97 130 12
97 62 33
97 119 37
97 188 26
97 60 38
97 51 21
97 98 82
97 96 89
98 173 50
98 126 76
98 10 18
98 95 40
98 195 60
98 133 82
98 124 7
98 2 24
98 149 87
98 183 76
98 176 50
98 28 3
98 45 97
98 170 60
98 41 5
98 193 74
98 196 70
98 53 32
98 130 7
98 67 74
98 91 15
98 83 99
98 99 57
98 97 82
99 127 75
99 174 39
99 10 3
99 11 68
99 67 84
99 123 61
99 172 31
99 197 21
99 110 7
99 90 71
99 156 9
99 178 42
99 58 62
99 47 78
99 37 95
99 36 73
99 133 32
99 112 96
99 50 29
99 125 50
99 105 94
99 101 80
99 32 60
99 193 99
99 176 34
99 116 88
99 102 75
99 158 87
99 100 84
99 98 57
100 68 16
100 165 32
100 12 97
100 147 98
100 37 18
100 162 83
100 183 17
100 176 43
100 38 17
100 70 26
100 34 69
100 40 48
100 57 90
100 103 75
100 166 85
100 182 61
100 119 40
100 96 31
100 45 28
100 174 60
100 3 58
100 90 76
100 65 17
100 195 67
100 185 11
100 197 73
100 158 5
100 105 86
100 179 86
100 64 48
100 101 8
100 99 84
101 23 49
101 41 10
101 162 97
101 64 34
101 152 4
101 54 19
101 103 95
101 196 8
101 5 78
101 124 88
101 15 26
101 13 28
101 48 11
101 200 27
101 138 81
101 1 7
101 144 7
101 153 15
101 105 51
101 99 80
101 74 83
101 156 18
101 11 44
101 190 75
101 134 90
101 67 68
101 93 72
101 158 69
101 20 8
101 102 33
101 100 8
102 119 61
102 189 17
102 44 40
102 54 40
102 13 20
102 52 76
102 87 89
102 114 45
102 185 21
102 7 84
102 117 75
102 104 38
102 150 23
102 57 50
102 174 89
102 11 42
102 181 47
102 197 43
102 129 93
102 34 71
102 92 92
102 188 95
102 192 14
102 161 52
102 36 6
102 66 94
102 2 33
102 175 3
102 37 96
102 182 18
102 67 75
102 118 50
102 33 95
102 77 69
102 99 75
102 74 98
102 4 63
102 103 17
102 101 33
103 156 38
103 149 82
103 60 60
103 67 35
103 100 75
103 47 76
103 160 2
103 61 31
103 101 95
103 24 28
103 162 65
103 107 35
103 121 20
103 163 88
103 142 94
103 158 26
103 117 55
103 78 17
103 25 57
103 35 24
103 58 29
103 187 64
103 135 53
103 134 67
103 140 59
103 43 1
103 122 73
103 92 48
103 104 53
103 102 17
104 22 83
104 134 23
104 112 76
104 90 82
104 37 31
104 46 86
104 40 33
104 127 81
104 102 38
104 38 53
104 194 93
104 148 57
104 150 58
104 137 39
104 4 4
104 14 52
104 145 99
104 106 32
104 72 26
104 172 5
104 135 7
104 55 37
104 91 81
104 23 64
104 66 25
104 10 11
104 64 53
104 105 40
104 103 53
105 20 39
105 67 65
105 70 7
105 39 29
105 157 78
105 149 20
105 21 63
105 74 67
105 183 85
105 192 6
105 200 82
105 66 61
105 125 44
105 122 12
105 53 79
105 152 78
105 101 51
105 49 38
105 99 94
105 165 88
105 7 56
105 89 90
105 146 10
105 177 97
105 100 86
105 8 47
105 121 69
105 106 47
105 104 40
106 110 2
106 32 80
106 49 100
106 197 4
106 30 99
106 143 97
106 97 21
106 22 12
106 118 48
106 192 54
106 164 31
106 183 32
106 191 60
106 188 2
106 91 94
106 145 34
106 96 99
106 104 32
106 52 55
106 47 33
106 60 92
106 180 71
106 151 91
106 163 92
106 117 16
106 167 18
106 14 80
106 88 65
106 107 48
106 105 47
107 54 81
107 50 80
107 167 94
107 136 54
107 95 8
107 157 63
107 103 35
107 137 86
107 33 21
107 78 1
107 146 71
107 58 31
107 4 47
107 74 32
107 79 34
107 150 70
107 45 34
107 16 63
107 39 78
107 10 22
107 145 66
107 41 88
107 132 59
107 28 53
107 108 24
107 106 48
108 26 55
108 194 6
108 177 14
108 43 64
108 187 44
108 121 12
108 181 11
108 34 68
108 193 30
108 77 48
108 197 95
108 186 75
108 155 63
108 156 74
108 150 40
108 114 64
108 199 90
108 135 71
108 66 67
108 69 82
108 72 6
108 50 1
108 73 28
108 179 32
108 6 99
108 188 86
108 33 24
108 78 90
108 1 79
108 109 16
108 107 24
109 95 27
109 68 81
109 193 66
109 97 52
109 49 68
109 70 95
109 65 90
109 69 45
109 55 39
109 148 14
109 13 55
109 15 88
109 194 14
109 114 11
109 32 23
109 112 59
109 158 84
109 3 95
109 162 65
109 153 72
109 175 44
109 16 55
109 122 95
109 63 84
109 66 35
109 5 1
109 17 28
109 189 30
109 110 14
109 108 16
110 117 88
110 106 2
110 89 86
110 92 53
110 188 85
110 177 75
110 75 59
110 184 3
110 77 53
110 99 7
110 122 35
110 83 15
110 153 50
110 128 35
110 25 64
110 61 74
110 189 51
110 165 82
110 34 90
110 154 57
110 173 41
110 31 3
110 60 54
110 78 61
110 152 23
110 91 80
110 71 22
110 11 91
110 166 91
110 190 84
110 147 49
110 18 95
110 59 87
110 170 23
110 131 53
110 111 45
110 109 14
111 140 62
111 26 2
111 72 68
111 182 85
111 145 89
111 174 68
111 29 61
111 92 29
111 80 8
111 30 77
111 37 5
111 18 97
111 179 79
111 135 49
111 171 30
111 93 98
111 153 49
111 10 18
111 43 44
111 71 41
111 1 87
111 59 31
111 157 40
111 113 98
111 55 29
111 125 49
111 58 84
111 112 67
111 110 45
112 130 4
112 166 51
112 62 70
112 19 33
112 104 76
112 54 40
112 94 79
112 138 12
112 143 66
112 136 74
112 145 100
112 150 56
112 85 37
112 118 98
112 160 58
112 24 92
112 171 90
112 99 96
112 36 36
112 109 59
112 25 26
112 15 1
112 12 42
112 65 60
112 126 73
112 4 14
112 188 88
112 164 14
112 113 41
112 111 67
113 10 95
113 167 51
113 147 20
113 123 36
113 5 92
113 40 26
113 63 71
113 170 86
113 121 86
113 118 99
113 64 44
113 27 97
113 133 86
113 13 1
113 197 59
113 124 1
113 171 93
113 88 70
113 50 54
113 18 94
113 62 31
113 111 98
113 162 21
113 143 48
113 114 96
113 112 41
114 160 85
114 169 84
114 94 95
114 102 45
114 37 26
114 19 9
114 150 55
114 119 16
114 192 66
114 132 58
114 199 14
114 143 65
114 156 44
114 198 80
114 141 82
114 109 11
114 48 63
114 108 64
114 188 56
114 118 15
114 170 22
114 165 9
114 54 55
114 115 85
114 113 96
115 158 99
115 31 32
115 41 75
115 92 89
115 200 17
115 30 71
115 163 56
115 61 42
115 2 32
115 83 6
115 36 71
115 59 27
115 195 16
115 141 29
115 169 40
115 155 89
115 3 81
115 22 17
115 180 46
115 29 98
115 82 42
115 47 16
115 9 13
115 179 61
115 117 65
115 19 83
115 186 41
115 116 71
115 114 85
116 76 75
116 94 100
116 81 48
116 172 37
116 120 27
116 27 71
116 29 17
116 135 83
116 184 14
116 39 58
116 185 67
116 139 82
116 62 37
116 2 59
116 176 71
116 99 88
116 37 81
116 87 62
116 117 48
116 115 71
117 110 88
117 72 53
117 2 92
117 24 65
117 146 50
117 42 26
117 21 51
117 150 45
117 102 75
117 92 61
117 193 55
117 79 94
117 27 2
117 3 72
117 78 47
117 184 36
117 52 52
117 4 25
117 89 48
117 36 21
117 103 55
117 135 81
117 148 74
117 30 76
117 67 17
117 86 90
117 115 65
117 152 36
117 47 5
117 106 16
117 90 34
117 118 15
117 116 48
118 35 69
118 55 74
118 200 27
118 48 1
118 106 48
118 161 80
118 127 47
118 12 93
118 195 69
118 95 68
118 113 99
118 43 3
118 186 8
118 112 98
118 165 71
118 62 54
118 172 87
118 158 82
118 51 92
118 67 15
118 92 5
118 1 20
118 50 8
118 29 62
118 114 15
118 131 2
118 159 84
118 78 7
118 102 50
118 63 96
118 6 24
118 119 94
118 117 15
119 102 61
119 178 5
119 179 78
119 172 62
119 42 97
119 23 96
119 141 51
119 43 38
119 56 100
119 37 99
119 114 16
119 5 21
119 176 70
119 130 22
119 100 40
119 167 48
119 47 24
119 76 44
119 196 64
119 95 50
119 2 91
119 200 33
119 65 89
119 97 37
119 171 91
119 17 33
119 14 26
119 120 82
119 118 94
120 37 26
120 62 89
120 18 33
120 48 25
120 42 9
120 145 47
120 116 27
120 38 79
120 6 74
120 183 18
120 88 48
120 154 70
120 177 37
120 185 72
120 134 44
120 90 59
120 70 86
120 135 30
120 164 78
120 24 19
120 147 43
120 169 87
120 66 77
120 123 85
120 121 40
120 119 82
121 197 62
121 61 27
121 37 89
121 24 27
121 137 100
121 87 94
121 155 20
121 108 12
121 113 86
121 148 3
121 168 66
121 167 78
121 151 71
121 136 40
121 103 20
121 44 96
121 40 12
121 162 59
121 200 57
121 30 18
121 181 66
121 16 84
121 25 55
121 67 68
121 28 60
121 14 55
121 156 54
121 63 1
121 105 69
121 122 38
121 120 40
122 128 55
122 149 87
122 138 39
122 178 64
122 55 33
122 163 12
122 131 95
122 1 7
122 49 95
122 110 35
122 156 64
122 200 77
122 166 81
122 79 80
122 105 12
122 146 59
122 193 53
122 124 84
122 58 47
122 69 92
122 21 45
122 188 3
122 22 43
122 142 47
122 176 74
122 145 64
122 89 47
122 109 95
122 134 93
122 189 90
122 77 36
122 84 11
122 50 22
122 20 35
122 103 73
122 123 53
122 121 38
123 63 3
123 113 36
123 99 61
123 43 32
123 54 43
123 178 98
123 156 22
123 131 69
123 8 43
123 10 55
123 3 63
123 197 55
123 191 57
123 95 95
123 52 28
123 160 17
123 155 24
123 140 35
123 33 24
123 132 24
123 120 85
123 124 66
123 122 53
124 183 2
124 140 60
124 1 33
124 177 62
124 155 64
124 189 57
124 197 54
124 52 11
124 49 49
124 98 7
124 10 28
124 200 66
124 75 54
124 101 88
124 27 7
124 133 9
124 72 45
124 34 36
124 56 89
124 122 84
124 47 36
124 26 62
124 113 1
124 84 57
124 74 79
124 185 63
124 167 63
124 175 22
124 125 39
124 123 66
125 87 3
125 137 20
125 160 19
125 180 29
125 14 10
125 92 31
125 143 34
125 198 83
125 55 95
125 77 24
125 156 35
125 187 51
125 16 87
125 15 42
125 105 44
125 127 24
125 88 39
125 173 30
125 67 14
125 167 97
125 99 50
125 33 14
125 165 1
125 25 92
125 131 84
125 90 25
125 111 49
125 134 92
125 126 85
125 124 39
126 30 77
126 98 76
126 166 30
126 40 77
126 2 79
126 51 7
126 185 64
126 20 54
126 84 93
126 64 36
126 176 43
126 3 10
126 60 94
126 87 85
126 53 81
126 188 1
126 83 93
126 173 20
126 158 26
126 71 30
126 112 73
126 127 40
126 125 85
127 99 75
127 16 65
127 18 97
127 56 22
127 142 36
127 173 28
127 185 100
127 118 47
127 12 31
127 179 78
127 104 81
127 74 21
127 36 47
127 125 24
127 140 47
127 69 94
127 80 64
127 29 34
127 64 67
127 171 26
127 135 3
127 87 90
127 148 53
127 166 33
127 164 48
127 66 91
127 137 86
127 5 98
127 128 27
127 126 40
128 122 55
128 184 79
128 69 86
128 38 76
128 21 68
128 110 35
128 173 98
128 183 67
128 64 69
128 45 39
128 134 55
128 187 29
128 94 50
128 7 60
128 4 2
128 58 89
128 157 20
128 81 82
128 181 17
128 129 19
128 127 27
129 159 57
129 30 100
129 74 49
129 21 100
129 97 70
129 53 95
129 153 18
129 174 32
129 81 80
129 102 93
129 47 7
129 147 66
129 66 52
129 184 55
129 38 23
129 79 9
129 131 12
129 139 90
129 16 59
129 149 58
129 130 49
129 128 19
130 53 92
130 112 4
130 5 22
130 4 62
130 180 33
130 89 60
130 149 81
130 150 56
130 78 42
130 193 35
130 174 51
130 52 61
130 94 62
130 119 22
130 32 71
130 56 43
130 192 43
130 181 94
130 132 50
130 185 51
130 173 13
130 15 56
130 64 40
130 164 32
130 31 4
130 159 91
130 97 12
130 98 7
130 162 80
130 90 100
130 169 33
130 131 63
130 129 49
131 30 64
131 17 85
131 149 17
131 194 55
131 63 28
131 86 52
131 64 87
131 122 95
131 60 13
131 123 69
131 36 88
131 183 100
131 52 76
131 47 28
131 2 87
131 67 88
131 151 9
131 118 2
131 148 46
131 125 84
131 129 12
131 39 20
131 197 1
131 110 53
131 66 95
131 181 17
131 132 78
131 130 63
132 159 52
132 146 6
132 189 99
132 12 25
132 94 7
132 17 28
132 29 76
132 158 87
132 191 6
132 114 58
132 173 29
132 166 26
132 93 53
132 186 50
132 5 3
132 26 63
132 34 10
132 130 50
132 31 16
132 185 89
132 64 1
132 136 11
132 91 38
132 95 40
132 123 24
132 175 9
132 4 76
132 107 59
132 133 81
132 131 78
133 156 36
133 17 68
133 181 47
133 91 41
133 10 37
133 173 71
133 73 62
133 166 80
133 182 98
133 24 86
133 175 55
133 51 56
133 98 82
133 30 54
133 19 35
133 155 72
133 124 9
133 113 86
133 99 32
133 26 12
133 191 26
133 6 61
133 162 3
133 55 84
133 199 52
133 69 100
133 39 97
133 14 75
133 160 78
133 95 97
133 157 54
133 92 72
133 189 66
133 57 3
133 134 79
133 132 81
134 16 48
134 14 73
134 200 32
134 76 97
134 181 100
134 104 23
134 160 5
134 41 66
134 22 16
134 75 26
134 193 53
134 92 78
134 67 22
134 25 18
134 139 25
134 185 90
134 21 7
134 27 8
134 120 44
134 128 55
134 175 24
134 68 42
134 73 74
134 18 3
134 170 7
134 141 32
134 122 93
134 81 49
134 45 85
134 20 7
134 101 90
134 83 57
134 103 67
134 125 92
134 135 30
134 133 79
135 141 85
135 152 100
135 199 43
135 91 80
135 150 27
135 90 97
135 30 10
135 111 49
135 149 18
135 168 76
135 79 77
135 87 14
135 116 83
135 120 30
135 146 45
135 117 81
135 108 71
135 127 3
135 104 7
135 61 80
135 103 53
135 136 72
135 134 30
136 154 43
136 158 13
136 200 79
136 112 74
136 153 54
136 10 85
136 107 54
136 183 36
136 9 80
136 78 40
136 77 17
136 121 40
136 23 73
136 35 13
136 92 95
136 139 27
136 94 98
136 148 47
136 132 11
136 61 35
136 144 79
136 38 87
136 36 17
136 89 78
136 137 77
136 135 72
137 169 45
137 176 95
137 52 44
137 125 20
137 69 1
137 121 100
137 191 37
137 185 64
137 197 88
137 57 83
137 188 83
137 45 25
137 107 86
137 104 39
137 71 76
137 18 18
137 167 72
137 92 40
137 164 25
137 172 95
137 196 81
137 19 17
137 127 86
137 28 66
137 138 29
137 136 77
138 43 93
138 17 70
138 122 39
138 41 35
138 112 12
138 169 38
138 5 14
138 4 85
138 20 64
138 35 78
138 54 26
138 71 82
138 101 81
138 162 67
138 163 66
138 175 76
138 200 87
138 156 12
138 179 29
138 91 38
138 140 42
138 31 70
138 87 83
138 139 48
138 137 29
139 77 73
139 152 51
139 20 77
139 175 15
139 82 33
139 55 56
139 200 19
139 176 64
139 149 13
139 4 36
139 48 82
139 80 91
139 38 36
139 177 6
139 50 16
139 134 25
139 85 83
139 6 86
139 168 67
139 49 15
139 91 40
139 196 85
139 136 27
139 160 77
139 155 62
139 32 38
139 129 90
139 37 100
139 84 3
139 116 82
139 141 66
139 66 33
139 140 92
139 138 48
140 56 10
140 124 60
140 111 62
140 80 86
140 55 49
140 158 74
140 83 97
140 50 68
140 172 75
140 6 36
140 8 21
140 156 1
140 178 58
140 24 5
140 170 16
140 127 47
140 71 54
140 86 39
140 39 57
140 164 13
140 123 35
140 138 42
140 176 33
140 103 59
140 157 100
140 141 43
140 139 92
141 171 50
141 135 85
141 119 51
141 168 53
141 150 3
141 73 100
141 6 99
141 23 12
141 174 88
141 41 46
141 28 95
141 87 39
141 157 63
141 21 77
141 2 27
141 182 41
141 97 69
141 192 97
141 86 21
141 74 46
141 85 78
141 114 82
141 46 98
141 115 29
141 180 85
141 169 5
141 38 19
141 197 70
141 36 51
141 166 20
141 163 15
141 134 32
141 57 18
141 66 28
141 139 66
141 142 92
141 140 43
142 18 22
142 36 36
142 66 50
142 8 99
142 127 36
142 13 66
142 84 59
142 30 71
142 189 69
142 94 26
142 92 88
142 103 94
142 5 59
142 122 47
142 198 84
142 20 8
142 54 34
142 143 11
142 141 92
143 192 75
143 169 23
143 106 97
143 194 5
143 125 34
143 112 66
143 60 59
143 197 45
143 199 95
143 114 65
143 30 33
143 7 71
143 177 60
143 198 33
143 26 53
143 64 91
143 113 48
143 144 35
143 142 11
144 163 97
144 188 90
144 189 54
144 24 81
144 11 51
144 101 7
144 160 31
144 90 22
144 51 68
144 92 59
144 136 79
144 26 64
144 42 49
144 62 10
144 60 58
144 196 93
144 94 43
144 93 37
144 166 46
144 70 85
144 185 96
144 145 88
144 143 35
145 55 45
145 111 89
145 27 98
145 96 85
145 87 92
145 52 60
145 112 100
145 120 47
145 50 70
145 60 75
145 8 59
145 179 75
145 152 53
145 158 50
145 58 30
145 81 63
145 106 34
145 48 96
145 161 17
145 21 92
145 183 42
145 104 99
145 122 64
145 170 65
145 15 21
145 180 52
145 79 84
145 56 88
145 107 66
145 46 71
145 146 47
145 144 88
146 20 97
146 27 78
146 132 6
146 185 80
146 70 69
146 86 22
146 117 50
146 197 89
146 73 77
146 174 1
146 56 12
146 87 94
146 78 75
146 58 18
146 158 49
146 122 59
146 72 78
146 188 65
146 17 75
146 107 71
146 199 15
146 81 52
146 26 62
146 167 14
146 135 45
146 43 23
146 105 10
146 96 35
146 69 87
146 54 70
146 32 89
146 16 81
146 147 57
146 145 47
147 27 5
147 100 98
147 84 84
147 62 49
147 113 20
147 90 65
147 9 93
147 191 84
147 4 87
147 199 11
147 1 42
147 66 7
147 77 23
147 67 96
147 172 94
147 12 29
147 129 66
147 48 58
147 40 65
147 153 49
147 23 58
147 52 36
147 65 82
147 88 51
147 47 7
147 29 31
147 120 43
147 56 63
147 37 85
147 110 49
147 58 86
147 81 13
147 10 77
147 148 87
147 146 57
148 51 66
148 63 69
148 195 100
148 23 67
148 22 14
148 65 50
148 161 10
148 121 3
148 62 17
148 109 14
148 52 35
148 104 57
148 80 46
148 85 36
148 57 14
148 136 47
148 131 46
148 117 74
148 19 6
148 127 53
148 91 100
148 164 29
148 71 67
148 188 94
148 196 2
148 45 83
148 53 9
148 96 100
148 75 60
148 49 14
148 149 61
148 147 87
149 68 27
149 92 8
149 131 17
149 122 87
149 24 84
149 130 81
149 103 82
149 105 20
149 195 97
149 36 56
149 197 22
149 6 48
149 63 97
149 38 46
149 80 60
149 98 87
149 71 58
149 139 13
149 181 32
149 186 13
149 135 18
149 20 100
149 173 37
149 45 36
149 89 20
149 47 82
149 1 65
149 129 58
149 17 21
149 179 40
149 150 50
149 148 61
150 67 80
150 82 28
150 59 69
150 194 25
150 61 85
150 72 27
150 155 92
150 197 46
150 130 56
150 74 52
150 117 45
150 141 3
150 114 55
150 135 27
150 112 56
150 102 23
150 77 21
150 173 79
150 4 64
150 8 76
150 104 58
150 19 55
150 22 69
150 192 28
150 108 40
150 168 30
150 15 83
150 107 70
150 65 33
150 46 98
150 56 35
150 175 30
150 91 39
150 9 20
150 39 62
150 156 99
150 187 49
150 11 96
150 55 53
150 151 20
150 149 50
151 35 6
151 80 36
151 79 96
151 37 55
151 91 63
151 158 78
151 46 12
151 185 16
151 53 51
151 162 7
151 121 71
151 189 52
151 169 4
151 192 43
151 176 70
151 70 15
151 183 84
151 85 13
151 51 83
151 68 9
151 73 7
151 56 85
151 131 9
151 173 70
151 33 40
151 11 90
151 49 67
151 52 13
151 45 17
151 106 91
151 30 35
151 94 99
151 152 52
151 150 20
152 76 91
152 28 5
152 6 73
152 25 98
152 139 51
152 101 4
152 156 36
152 135 100
152 85 9
152 189 34
152 4 70
152 29 73
152 7 97
152 145 53
152 185 53
152 194 6
152 74 81
152 199 69
152 105 78
152 155 15
152 110 23
152 65 26
152 75 89
152 181 4
152 117 36
152 55 6
152 15 53
152 159 23
152 81 26
152 153 87
152 151 52
153 64 79
153 74 42
153 14 30
153 136 54
153 4 88
153 129 18
153 110 50
153 170 46
153 51 87
153 165 82
153 65 75
153 10 75
153 111 49
153 147 49
153 31 1
153 101 15
153 27 24
153 93 41
153 109 72
153 16 2
153 82 62
153 13 66
153 180 14
153 154 24
153 152 87
154 136 43
154 42 9
154 175 43
154 85 12
154 54 86
154 71 60
154 180 93
154 179 6
154 6 98
154 87 20
154 31 74
154 156 16
154 47 30
154 9 48
154 120 70
154 192 4
154 61 44
154 110 57
154 165 51
154 68 90
154 34 12
154 19 98
154 171 12
154 45 10
154 32 84
154 155 69
154 153 24
155 196 72
155 192 55
155 150 92
155 87 82
155 124 64
155 39 4
155 121 20
155 25 94
155 37 43
155 165 1
155 186 48
155 74 7
155 164 58
155 45 16
155 133 72
155 11 93
155 191 12
155 108 63
155 84 75
155 3 29
155 152 15
155 36 32
155 115 89
155 56 12
155 17 52
155 123 24
155 139 62
155 168 84
155 163 97
155 181 99
155 200 58
155 77 1
155 156 26
155 154 69
156 133 36
156 173 50
156 55 63
156 103 38
156 40 31
156 81 80
156 152 36
156 7 32
156 99 9
156 46 70
156 91 30
156 122 64
156 123 22
156 41 12
156 199 65
156 37 95
156 53 51
156 5 64
156 140 1
156 154 16
156 125 35
156 114 44
156 67 11
156 108 74
156 190 69
156 172 21
156 138 12
156 101 18
156 150 99
156 121 54
156 89 61
156 75 92
156 31 83
156 157 9
156 155 26
157 6 66
157 12 45
157 186 95
157 87 22
157 193 30
157 105 78
157 81 20
157 18 2
157 35 10
157 4 8
157 58 75
157 60 79
157 141 63
157 49 32
157 197 53
157 36 47
157 107 63
157 55 48
157 23 85
157 47 10
157 9 51
157 90 48
157 8 30
157 133 54
157 188 17
157 111 40
157 140 100
157 128 20
157 184 43
157 158 61
157 156 9
158 115 99
158 167 18
158 136 13
158 60 22
158 140 74
158 25 99
158 198 28
158 151 78
158 86 57
158 132 87
158 178 45
158 66 68
158 145 50
158 146 49
158 49 10
158 61 98
158 118 82
158 160 4
158 29 20
158 103 26
158 109 84
158 78 88
158 100 5
158 9 50
158 199 90
158 38 18
158 126 26
158 33 89
158 101 69
158 99 87
158 176 28
158 159 4
158 157 61
159 132 52
159 67 3
159 129 57
159 178 23
159 11 9
159 61 12
159 170 62
159 89 27
159 176 97
159 169 68
159 32 37
159 183 5
159 18 62
159 130 91
159 118 84
159 7 14
159 77 31
159 152 23
159 160 79
159 158 4
160 114 85
160 134 5
160 69 38
160 186 48
160 53 63
160 175 38
160 162 32
160 125 19
160 197 43
160 41 27
160 19 19
160 62 65
160 103 2
160 112 58
160 29 51
160 13 82
160 144 31
160 194 34
160 178 46
160 158 4
160 21 20
160 200 21
160 36 27
160 123 17
160 139 77
160 34 56
160 133 78
160 11 50
160 74 41
160 72 67
160 12 61
160 92 23
160 161 9
160 159 79
161 14 89
161 37 71
161 24 28
161 95 62
161 35 13
161 80 78
161 7 79
161 118 80
161 148 10
161 96 40
161 97 66
161 3 59
161 28 1
161 52 96
161 193 38
161 87 48
161 58 98
161 102 52
161 145 17
161 33 21
161 85 27
161 89 10
161 183 93
161 53 88
161 10 55
161 162 66
161 160 9
162 51 55
162 22 66
162 160 32
162 101 97
162 100 83
162 175 10
162 172 51
162 91 11
162 170 90
162 151 7
162 183 83
162 49 23
162 103 65
162 50 51
162 138 67
162 121 59
162 87 83
162 83 76
162 133 3
162 54 53
162 37 99
162 75 58
162 192 74
162 109 65
162 130 80
162 113 21
162 55 33
162 163 56
162 161 66
163 187 38
163 144 97
163 188 26
163 176 42
163 50 90
163 3 58
163 122 12
163 66 65
163 115 56
163 165 53
163 43 51
163 183 61
163 103 88
163 138 66
163 44 7
163 155 97
163 22 19
163 141 15
163 5 10
163 28 68
163 32 37
163 56 68
163 181 12
163 60 79
163 169 83
163 106 92
163 62 11
163 164 41
163 162 56
164 75 2
164 2 51
164 20 51
164 85 68
164 191 94
164 58 76
164 46 91
164 106 31
164 38 48
164 155 58
164 84 44
164 172 63
164 70 61
164 140 13
164 130 32
164 120 78
164 65 43
164 137 25
164 148 29
164 127 48
164 185 89
164 54 35
164 112 14
164 165 96
164 163 41
165 100 32
165 33 6
165 3 11
165 185 62
165 52 82
165 30 65
165 155 1
165 187 16
165 169 32
165 153 82
165 118 71
165 62 52
165 163 53
165 27 6
165 110 82
165 93 84
165 72 42
165 154 51
165 85 95
165 46 90
165 125 1
165 105 88
165 35 65
165 78 74
165 12 57
165 114 9
165 71 73
165 48 89
165 5 93
165 68 43
165 13 50
165 166 38
165 164 96
166 112 51
166 62 78
166 69 31
166 77 8
166 133 80
166 126 30
166 31 5
166 89 6
166 81 8
166 100 85
166 97 22
166 197 67
166 122 81
166 59 48
166 51 64
166 83 89
166 132 26
166 54 58
166 170 46
166 95 92
166 16 60
166 141 20
166 110 91
166 40 74
166 127 33
166 199 85
166 7 42
166 144 46
166 29 29
166 167 13
166 165 38
167 27 7
167 113 51
167 20 7
167 81 100
167 158 18
167 70 58
167 107 94
167 6 22
167 44 86
167 190 91
167 121 78
167 119 48
167 177 31
167 33 66
167 137 72
167 35 36
167 184 21
167 89 7
167 77 67
167 125 97
167 146 14
167 11 53
167 39 29
167 93 100
167 124 63
167 106 18
167 168 24
167 166 13
168 11 89
168 74 36
168 187 30
168 35 71
168 42 12
168 197 78
168 26 32
168 141 53
168 29 94
168 63 64
168 16 15
168 121 66
168 195 51
168 135 76
168 139 67
168 150 30
168 85 80
168 155 84
168 175 53
168 2 52
168 77 64
168 196 85
168 169 66
168 167 24
169 33 35
169 137 45
169 62 81
169 114 84
169 42 53
169 143 23
169 138 38
169 76 39
169 7 24
169 82 48
169 18 49
169 165 32
169 175 31
169 151 4
169 95 26
169 184 98
169 59 93
169 115 40
169 20 45
169 141 5
169 159 68
169 41 82
169 190 46
169 39 23
169 120 87
169 163 83
169 96 76
169 14 26
169 36 48
169 130 33
169 170 60
169 168 66
170 176 96
170 55 83
170 61 6
170 193 60
170 76 67
170 95 66
170 113 86
170 85 4
170 153 46
170 31 25
170 42 75
170 162 90
170 77 73
170 159 62
170 71 100
170 192 71
170 40 72
170 140 16
170 27 72
170 68 68
170 166 46
170 23 44
170 11 81
170 43 51
170 98 60
170 58 83
170 62 6
170 46 7
170 114 22
170 134 7
170 145 65
170 189 57
170 110 23
170 83 76
170 4 80
170 38 2
170 171 68
170 169 60
171 141 50
171 54 52
171 33 3
171 51 50
171 111 30
171 47 25
171 183 66
171 3 25
171 112 90
171 7 30
171 195 80
171 10 69
171 74 45
171 68 24
171 69 34
171 113 93
171 127 26
171 21 82
171 154 12
171 63 33
171 29 7
171 119 91
171 28 95
171 20 59
171 172 60
171 170 68
172 119 62
172 191 100
172 68 73
172 99 31
172 116 37
172 162 51
172 10 92
172 193 43
172 5 88
172 77 22
172 140 75
172 47 65
172 147 94
172 12 64
172 174 17
172 48 17
172 118 87
172 54 43
172 79 18
172 56 39
172 164 63
172 89 100
172 156 21
172 35 51
172 104 5
172 6 81
172 137 95
172 71 20
172 20 63
172 18 78
172 59 71
172 96 92
172 173 3
172 171 60
173 156 50
173 72 1
173 80 48
173 133 71
173 98 50
173 38 58
173 10 100
173 127 28
173 48 84
173 192 50
173 128 98
173 150 79
173 132 29
173 88 86
173 110 41
173 149 37
173 125 30
173 130 13
173 126 20
173 151 70
173 7 50
173 25 39
173 30 18
173 39 95
173 183 91
173 90 16
173 174 30
173 172 3
174 85 67
174 176 95
174 92 57
174 99 39
174 10 37
174 111 68
174 53 64
174 42 85
174 188 27
174 130 51
174 186 27
174 129 32
174 146 1
174 141 88
174 102 89
174 61 25
174 16 74
174 17 91
174 100 60
174 58 47
174 172 17
174 8 84
174 33 92
174 34 65
174 13 86
174 23 56
174 41 52
174 181 58
174 175 46
174 173 30
175 160 38
175 154 43
175 162 10
175 54 79
175 2 51
175 133 55
175 1 10
175 23 90
175 139 15
175 71 84
175 169 31
175 80 31
175 76 8
175 138 76
175 86 51
175 94 75
175 134 24
175 9 2
175 102 3
175 6 35
175 109 44
175 190 25
175 168 53
175 150 30
175 132 9
175 73 40
175 124 22
175 51 52
175 176 42
175 174 46
176 174 95
176 137 95
176 170 96
176 187 72
176 18 86
176 163 42
176 100 43
176 182 36
176 15 4
176 52 52
176 119 70
176 139 64
176 126 43
176 151 70
176 98 50
176 22 12
176 159 97
176 35 5
176 91 4
176 122 74
176 36 100
176 95 12
176 87 92
176 16 48
176 99 34
176 140 33
176 116 71
176 66 44
176 92 96
176 158 28
176 177 76
176 175 42
177 66 10
177 36 76
177 59 62
177 108 14
177 30 53
177 110 75
177 124 62
177 9 52
177 53 80
177 194 33
177 62 6
177 167 31
177 139 6
177 96 38
177 120 37
177 11 100
177 51 76
177 92 49
177 143 60
177 75 31
177 1 83
177 105 97
177 10 17
177 8 31
177 4 14
177 178 2
177 176 76
178 119 5
178 122 64
178 43 29
178 88 72
178 159 23
178 13 38
178 58 69
178 94 68
178 123 98
178 34 88
178 99 42
178 26 76
178 158 45
178 140 58
178 62 15
178 189 4
178 160 46
178 17 47
178 83 100
178 70 75
178 84 76
178 81 43
178 54 93
178 47 70
178 79 76
178 27 71
178 68 65
178 38 99
178 22 85
178 179 28
178 177 2
179 186 80
179 119 78
179 192 18
179 88 5
179 8 88
179 70 97
179 36 79
179 18 32
179 127 78
179 196 87
179 154 6
179 91 66
179 145 75
179 111 79
179 48 36
179 198 63
179 84 70
179 73 86
179 55 1
179 21 27
179 56 93
179 115 61
179 138 29
179 100 86
179 4 96
179 82 74
179 108 32
179 149 40
179 180 89
179 178 28
180 69 66
180 40 80
180 186 76
180 30 97
180 192 74
180 59 16
180 130 33
180 125 29
180 10 89
180 33 1
180 154 93
180 76 93
180 81 71
180 93 71
180 28 31
180 35 98
180 190 56
180 7 95
180 185 38
180 20 88
180 141 85
180 115 46
180 19 48
180 106 71
180 94 55
180 52 53
180 145 52
180 153 14
180 181 52
180 179 89
181 58 52
181 66 99
181 133 47
181 134 100
181 15 55
181 39 76
181 2 83
181 74 30
181 16 33
181 200 31
181 108 11
181 17 45
181 67 13
181 189 77
181 11 20
181 30 48
181 149 32
181 34 81
181 102 47
181 85 80
181 121 66
181 130 94
181 8 25
181 56 35
181 36 70
181 70 6
181 91 88
181 43 91
181 155 99
181 152 4
181 83 91
181 78 49
181 163 12
181 174 58
181 128 17
181 131 17
181 196 21
181 182 100
181 180 52
182 111 85
182 49 86
182 82 93
182 74 52
182 133 98
182 176 36
182 92 39
182 100 61
182 196 40
182 86 82
182 6 76
182 141 41
182 61 8
182 2 54
182 8 51
182 64 19
182 80 80
182 188 15
182 102 18
182 54 21
182 9 32
182 183 92
182 181 100
183 124 2
183 53 58
183 8 92
183 28 77
183 100 17
183 38 100
183 136 36
183 106 32
183 54 17
183 105 85
183 162 83
183 131 100
183 94 5
183 98 76
183 56 3
183 128 67
183 82 6
183 163 61
183 120 18
183 93 63
183 171 66
183 151 84
183 3 85
183 145 42
183 159 5
183 161 93
183 188 67
183 60 13
183 89 30
183 173 91
183 184 90
183 182 92
184 197 44
184 61 34
184 199 90
184 128 79
184 110 3
184 93 98
184 25 55
184 87 57
184 97 16
184 12 33
184 117 36
184 74 43
184 10 15
184 3 2
184 129 55
184 169 98
184 189 38
184 116 14
184 167 21
184 11 73
184 48 61
184 24 69
184 46 57
184 19 96
184 157 43
184 185 23
184 183 90
185 42 82
185 76 34
185 29 95
185 146 80
185 88 5
185 165 62
185 102 21
185 127 100
185 93 12
185 137 64
185 12 65
185 151 16
185 126 64
185 196 57
185 4 36
185 199 14
185 16 9
185 152 53
185 49 98
185 120 72
185 180 38
185 134 90
185 130 51
185 100 11
185 132 89
185 27 41
185 48 66
185 116 67
185 5 22
185 164 89
185 124 63
185 70 95
185 144 96
185 186 61
185 184 23
186 67 31
186 16 61
186 179 80
186 199 22
186 180 76
186 160 48
186 68 89
186 157 95
186 94 6
186 2 63
186 29 57
186 174 27
186 155 48
186 118 8
186 25 88
186 149 13
186 108 75
186 38 12
186 26 56
186 197 9
186 132 50
186 73 52
186 193 12
186 69 5
186 42 83
186 115 41
186 51 36
186 187 67
186 185 61
187 163 38
187 168 30
187 176 72
187 108 44
187 17 59
187 16 80
187 165 16
187 39 63
187 85 19
187 54 22
187 47 59
187 125 51
187 65 67
187 83 81
187 128 29
187 20 36
187 52 26
187 80 83
187 48 62
187 103 64
187 9 56
187 150 49
187 33 6
187 26 27
187 188 83
187 186 67
188 163 26
188 10 91
188 110 85
188 144 90
188 174 27
188 193 5
188 39 49
188 198 92
188 43 76
188 137 83
188 106 2
188 102 95
188 146 65
188 60 68
188 55 24
188 126 1
188 73 50
188 114 56
188 69 82
188 122 3
188 182 15
188 80 65
188 21 45
188 93 23
188 64 28
188 75 92
188 148 94
188 183 67
188 157 17
188 97 26
188 2 74
188 108 86
188 112 88
188 82 54
188 189 73
188 187 83
189 102 17
189 80 73
189 132 99
189 124 57
189 19 20
189 49 63
189 152 34
189 20 66
189 144 54
189 8 91
189 67 12
189 181 77
189 142 69
189 151 52
189 110 51
189 178 4
189 184 38
189 36 81
189 51 46
189 85 63
189 193 10
189 28 7
189 170 57
189 122 90
189 109 30
189 133 66
189 199 42
189 74 32
189 190 71
189 188 73
190 68 72
190 31 43
190 3 86
190 30 90
190 40 43
190 24 81
190 32 87
190 167 91
190 94 87
190 65 14
190 52 37
190 50 34
190 17 36
190 180 56
190 192 33
190 196 80
190 156 69
190 199 1
190 195 21
190 169 46
190 175 25
190 110 84
190 101 75
190 191 61
190 189 71
191 96 30
191 74 1
191 172 100
191 75 86
191 31 37
191 164 94
191 137 37
191 33 21
191 147 84
191 132 6
191 16 31
191 106 60
191 155 12
191 55 34
191 123 57
191 22 71
191 133 26
191 82 69
191 62 70
191 28 27
191 43 66
191 42 93
191 60 14
191 70 52
191 192 33
191 190 61
192 3 10
192 143 75
192 179 18
192 155 55
192 180 74
192 40 52
192 79 58
192 35 65
192 47 48
192 106 54
192 31 11
192 173 50
192 39 70
192 85 59
192 36 94
192 114 66
192 105 6
192 151 43
192 170 71
192 141 97
192 154 4
192 130 43
192 190 33
192 102 14
192 150 28
192 81 48
192 28 34
192 162 74
192 89 9
192 193 88
192 191 33
193 109 66
193 12 67
193 157 30
193 170 60
193 130 35
193 188 5
193 134 53
193 172 43
193 68 23
193 108 30
193 117 55
193 33 81
193 4 81
193 65 51
193 161 38
193 63 39
193 122 53
193 61 7
193 186 12
193 16 37
193 98 74
193 189 10
193 195 15
193 29 72
193 99 99
193 28 94
193 13 35
193 15 32
193 31 38
193 194 69
193 192 88
194 6 66
194 108 6
194 150 25
194 131 55
194 2 10
194 143 5
194 69 58
194 177 33
194 21 49
194 53 33
194 104 93
194 152 6
194 71 64
194 109 14
194 73 60
194 160 34
194 93 67
194 26 91
194 78 67
194 48 67
194 1 20
194 80 10
194 61 64
194 195 73
194 193 69
195 81 69
195 148 100
195 149 97
195 98 60
195 1 81
195 3 65
195 8 31
195 118 69
195 168 51
195 59 52
195 93 48
195 115 16
195 171 80
195 54 63
195 100 67
195 90 81
195 41 7
195 190 21
195 73 30
195 193 15
195 7 27
195 17 31
195 47 72
195 52 61
195 84 61
195 196 36
195 194 73
196 155 72
196 73 78
196 50 52
196 59 49
196 77 67
196 179 87
196 40 11
196 182 40
196 101 8
196 63 2
196 8 39
196 185 57
196 119 64
196 10 7
196 190 80
196 6 11
196 67 67
196 139 85
196 68 35
196 98 70
196 38 71
196 45 84
196 137 81
196 148 2
196 13 14
196 144 93
196 74 15
196 71 15
196 181 21
196 168 85
196 197 58
196 195 36
197 184 44
197 37 6
197 168 78
197 121 62
197 106 4
197 160 43
197 146 89
197 149 22
197 150 46
197 99 21
197 124 54
197 49 95
197 71 90
197 137 88
197 143 45
197 166 67
197 157 53
197 108 95
197 102 43
197 48 70
197 123 55
197 4 48
197 186 9
197 85 58
197 97 60
197 51 5
197 63 24
197 94 3
197 113 59
197 141 70
197 100 73
197 131 1
197 198 37
197 196 58
198 72 12
198 57 35
198 158 28
198 125 83
198 25 18
198 188 92
198 49 4
198 59 90
198 35 18
198 179 63
198 114 80
198 29 34
198 143 33
198 17 72
198 91 15
198 142 84
198 76 15
198 199 59
198 197 37
199 186 22
199 184 90
199 135 43
199 147 11
199 156 65
199 143 95
199 114 14
199 185 14
199 152 69
199 39 41
199 146 15
199 133 52
199 26 17
199 93 64
199 108 90
199 190 1
199 158 90
199 69 92
199 6 45
199 70 50
199 166 85
199 60 60
199 189 42
199 55 80
199 200 23
199 198 59
200 65 9
200 4 82
200 134 32
200 72 62
200 24 85
200 90 38
200 136 79
200 118 27
200 181 31
200 82 19
200 122 77
200 124 66
200 10 70
200 139 19
200 115 17
200 105 82
200 93 35
200 16 11
200 101 27
200 86 15
200 121 57
200 41 50
200 160 21
200 119 33
200 138 87
200 44 100
200 155 58
200 27 95
200 54 32
200 199 23
