100
1 Desactivar_servidor 12 91 25 50 26 28 77 58 22 40 65 45 20 64 47 10 4 48 8 54 56 11 100 18 60 90 76 59 74 2 0
2 Recuperar_acceso_sistema_critico 29 32 29 61 68 98 84 10 5 59 33 27 63 87 76 86 52 91 69 30 55 13 72 53 49 47 42 99 85 96 88 3 0
3 Recuperar_control_de_sistema 22 29 16 21 77 54 85 60 35 80 31 100 97 64 40 62 59 18 37 34 88 94 4 0
4 Desmantelar_red_cibernetica 43 95 35 100 96 86 55 57 62 54 76 13 79 58 23 30 71 47 33 83 43 41 34 8 53 50 98 38 24 63 5 0
5 Proteger_el_centro_neural 41 97 15 74 98 21 49 42 45 68 79 70 64 88 81 75 55 11 51 58 27 26 14 41 90 63 100 69 28 95 99 77 6 0
6 Desactivar_servidor 12 53 45 26 67 22 88 66 84 61 21 25 43 90 18 9 58 91 77 12 47 70 51 39 55 96 81 48 38 46 76 7 0
7 Extraer_codigo_fuente 43 56 50 16 32 74 69 84 80 92 97 70 95 57 29 28 37 94 52 17 60 55 96 98 12 8 0
8 Infiltrarse_grupo 9 51 67 73 18 75 78 48 62 25 15 100 29 63 41 38 26 60 84 99 64 12 49 36 83 92 30 79 47 9 0
9 Acceder_a_sistemas_seguridad 7 97 49 51 86 15 42 19 35 58 57 31 24 46 21 60 41 80 100 47 10 0
10 Liberar_informacion 30 84 16 83 71 24 55 59 40 60 72 47 17 48 82 77 46 81 97 32 20 28 74 30 45 26 76 99 92 43 73 65 61 19 11 0
11 Infiltrarse_red_financiera 19 29 65 84 82 70 34 51 99 63 61 75 78 33 39 60 23 38 94 30 67 58 87 83 32 35 12 0
12 Descubrir_identidad_de_infiltrados 15 48 42 19 15 64 45 20 85 96 24 70 14 51 62 26 98 88 27 33 95 66 97 13 0
13 Acceder_a_sistemas_seguridad 27 20 65 82 83 16 34 84 93 39 25 95 78 58 79 57 17 19 46 98 43 51 60 32 15 91 67 22 96 38 14 0
14 Infiltrar_red_de_mandos 16 36 76 71 77 96 22 27 80 100 32 69 38 18 37 61 79 82 15 0
15 Infiltrarse_base_enemiga 43 98 81 36 93 44 38 39 55 24 53 67 20 59 35 28 71 16 0
16 Recuperar_dispositivo 2 67 35 43 44 22 56 74 84 78 62 45 80 85 50 37 25 26 17 0
17 Infiltrarse_red_financiera 41 82 46 74 49 19 91 48 86 24 88 59 43 33 45 95 81 54 62 77 78 32 30 100 94 22 47 41 79 18 0
18 Proteger_informante 43 64 90 48 89 96 30 56 85 32 79 76 49 36 23 72 74 24 73 70 34 38 86 20 95 88 57 19 0
19 Extraer_codigo_fuente 16 30 72 70 40 64 49 67 21 43 78 34 58 93 27 63 23 31 88 86 94 20 0
20 Recuperar_datos_sensibles 45 62 96 72 65 66 99 83 25 55 76 68 28 71 35 27 44 53 81 61 29 97 49 51 21 0
21 Impedir_sabotaje_inminente 24 32 74 53 81 92 48 68 95 52 36 88 41 23 69 59 45 97 34 93 84 99 65 44 50 22 0
22 Identificar_agente_hostil 22 52 42 59 65 45 89 62 98 96 56 38 46 34 77 55 40 78 37 58 70 71 25 81 84 23 0
23 Desmantelar_red_cibernetica 39 71 91 43 64 42 41 29 79 97 83 47 81 26 98 25 40 94 48 89 33 76 90 77 37 38 100 24 0
24 Infiltrarse_en_el_consejo 20 91 34 27 96 70 87 82 77 47 56 29 99 62 28 78 60 38 84 40 90 97 25 0
25 Localizar_articulo_roto 34 56 34 86 52 36 71 100 97 75 51 35 95 82 44 49 62 26 0
26 Desactivar_servidor 43 81 49 30 97 58 48 62 76 57 60 68 82 66 28 83 42 46 92 27 0
27 Obtener_informacion_confidencial 38 99 58 46 69 33 91 100 60 74 84 53 30 76 41 94 54 96 70 47 77 28 0
28 Proteger_emisarios 24 81 92 86 76 85 33 80 34 55 63 32 75 83 44 40 84 87 47 56 29 0
29 Extraer_codigo_fuente 44 50 78 89 92 51 69 33 48 42 87 64 31 91 36 46 75 82 85 62 60 59 35 68 32 79 30 0
30 Infiltrar_servidor_secreto 16 61 41 100 59 69 40 33 54 42 37 97 38 50 60 34 49 86 51 89 76 62 91 57 31 0
31 Acceder_a_sistemas_seguridad 25 53 52 74 73 99 79 48 35 91 50 86 84 93 44 69 54 57 56 78 49 32 0
32 Identificar_agente_hostil 45 85 62 63 97 46 96 55 59 76 68 54 69 44 34 73 33 0
33 Descubrir_identidad_de_infiltrados 49 77 81 40 35 48 75 38 84 65 85 80 79 89 44 94 37 39 63 62 34 0
34 Infiltrar_servidor_secreto 30 63 89 84 83 96 55 93 85 53 98 70 56 100 37 52 76 45 75 78 60 95 51 99 87 35 0
35 Asegurar_la_cuarta_llave 23 71 73 55 42 82 87 83 90 37 49 84 67 36 0
36 Neutralizar_vehiculo 23 59 84 80 58 82 40 91 48 65 52 44 63 71 37 0
37 Recuperar_acceso_sistema_critico 34 91 46 59 81 100 58 76 56 86 87 48 61 96 57 77 63 68 62 38 0
38 Rastrear_satelite_pirata 15 68 97 43 49 99 75 72 94 53 76 80 46 90 81 86 100 42 56 39 0
39 Proteger_sede_FMI 27 87 89 97 99 72 96 69 41 51 90 65 48 74 47 54 40 0
40 Detener_fuga_de_informacion 21 79 88 87 73 95 66 92 49 77 78 98 89 84 100 85 41 0
41 Establecer_punto_seguro 36 90 59 99 69 50 94 89 100 66 78 49 51 92 43 58 52 45 98 75 57 42 0
42 Sabotear_instalacion 16 73 71 83 79 78 52 91 85 50 51 62 48 81 89 84 43 0
43 Interceptar_mensaje_enemigo 22 90 89 57 64 60 61 91 85 87 93 72 63 45 54 73 55 76 48 44 0
44 Desactivar_artefacto 42 93 69 70 73 83 48 67 94 95 77 92 78 53 88 45 0
45 Establecer_contacto_confidencial 31 52 65 81 61 51 94 98 96 58 88 67 75 73 46 0
46 Detener_fuga_de_informacion 6 94 90 59 57 100 63 50 56 83 51 75 66 54 80 47 0
47 Asegurar_la_cuarta_llave 26 64 86 95 81 88 77 60 73 56 82 71 96 53 85 61 79 54 78 65 48 0
48 Identificar_objetivo_secundario 23 65 75 81 52 66 51 78 61 69 77 70 76 87 80 49 0
49 Infiltrarse_grupo 36 87 97 55 54 95 85 60 53 70 58 82 77 93 76 50 0
50 Infiltrarse_grupo 39 59 85 84 82 76 67 68 70 81 78 89 65 100 87 73 56 51 0
51 Desmantelar_red_cibernetica 29 83 94 64 80 59 76 55 84 73 63 58 53 78 93 65 67 61 52 0
52 Neutralizar_amenaza 7 72 96 81 79 76 77 100 86 67 97 84 53 0
53 Obtener_coordenadas_clave 8 81 91 76 87 82 73 96 58 64 65 98 72 59 54 0
54 Eliminar_trazabilidad_de_mision 41 81 78 95 60 80 94 89 65 73 86 91 56 76 77 71 55 0
55 Encriptar_datos_confidenciales 7 99 61 67 57 62 83 66 69 63 100 97 56 0
56 Recuperar_dispositivo 49 58 60 86 92 59 74 78 57 0
57 Proteger_sede_FMI 26 90 78 66 87 64 69 68 63 62 91 73 99 72 65 92 60 74 95 58 0
58 Establecer_punto_seguro 20 73 91 87 84 70 67 86 63 90 99 88 93 89 83 68 64 59 0
59 Localizar_articulo_roto 5 70 78 80 74 92 94 95 75 99 90 61 88 60 0
60 Acceder_red_inteligencia 15 83 69 92 85 72 90 94 61 0
61 Acceder_red_inteligencia 23 85 89 72 71 95 82 83 91 62 0
62 Sabotear_instalacion 43 75 69 100 73 89 94 88 82 67 97 90 65 96 63 0
63 Detener_ataque_cibernetico 21 78 69 65 74 97 81 85 98 64 0
64 Recuperar_datos_sensibles 24 77 78 74 67 73 71 90 86 68 72 82 65 0
65 Infiltrarse_red_financiera 20 84 86 79 71 97 90 94 87 91 66 0
66 Saboteo_interno 17 68 75 74 91 71 84 100 98 81 77 99 95 85 67 0
67 Recuperar_datos_sensibles 29 98 71 84 91 99 95 76 73 74 68 0
68 Recolectar_evidencias 17 93 85 96 77 91 79 81 73 82 74 69 0
69 Desmantelar_red_cibernetica 45 73 76 77 82 94 99 70 0
70 Obtener_informacion_confidencial 24 74 83 81 79 73 99 72 92 77 71 0
71 Cortar_comunicaciones_enemigas 19 82 100 89 92 74 97 99 87 72 0
72 Interceptar_mensaje_enemigo 47 83 98 82 90 93 75 78 73 0
73 Proteger_el_centro_neural 38 78 80 91 84 88 90 93 74 0
74 Infiltrarse_grupo 46 85 90 82 78 92 93 97 91 96 99 75 0
75 Establecer_punto_seguro 32 83 81 84 96 89 85 80 95 76 0
76 Desactivar_artefacto 31 80 95 92 91 84 90 77 0
77 Localizar_articulo_roto 33 92 100 94 80 89 97 96 83 81 78 0
78 Asegurar_la_cuarta_llave 3 95 85 89 84 98 86 88 79 0
79 Impedir_sabotaje_inminente 42 95 96 81 80 0
80 Recuperar_datos_sensibles 10 82 99 86 88 93 81 0
81 Infiltrar_servidor_secreto 44 90 97 100 98 94 82 0
82 Infiltrarse_red_financiera 13 88 87 98 91 83 0
83 Descubrir_identidad_de_infiltrados 2 99 89 90 94 87 85 98 95 84 0
84 Identificar_objetivo_secundario 9 95 88 91 93 99 97 85 0
85 Neutralizar_vehiculo 37 99 87 96 89 86 0
86 Desactivar_servidor 1 91 97 99 89 92 95 87 0
87 Saboteo_interno 6 97 93 94 88 0
88 Obtener_informacion_confidencial 2 96 90 97 98 89 0
89 Detener_ataque_cibernetico 18 96 91 97 98 90 0
90 Anular_defensas_enemigas 39 100 93 97 91 0
91 Proteger_testigo_vip 8 96 92 0
92 Infiltrarse_red_financiera 4 100 95 98 96 93 0
93 Neutralizar_amenaza 43 99 95 94 0
94 Interceptar_transmision_secreta 44 95 0
95 Infiltrarse_base_enemiga 36 100 96 0
96 Proteger_emisarios 47 97 0
97 Asegurar_la_cuarta_llave 32 98 0
98 Obtener_informacion_confidencial 2 99 0
99 Saboteo_interno 42 100 0
100 Desactivar_la_Entidad 34 0
50 28
1 Montevideo
2 Nueva_York
3 Roma
4 Tokio
5 Moscu
6 Abu_Dhabi
7 Hong_Kong
8 Los_Angeles
9 Paris
10 Londres
11 Punta_del_Este
12 Salto
13 Rivera
14 Canelones
15 Colonia
16 Durazno
17 Paysandu
18 Maldonado
19 San_Pablo
20 Buenos_Aires
21 Barcelona
22 Madrid
23 Berlin
24 Amsterdam
25 Lisboa
26 Bruselas
27 Estocolmo
28 Copenhague
29 Helsinki
30 Varsovia
31 Atenas
32 El_Cairo
33 Sidney
34 Melbourne
35 Toronto
36 Vancouver
37 Ciudad_de_Mexico
38 Bogota
39 Santiago_de_Chile
40 Quito
41 Lima
42 Caracas
43 Brasilia
44 Ciudad_del_Cabo
45 Johannesburgo
46 Dubai
47 Singapur
48 Seul
49 Beijing
50 Bangkok
368
1 19 91
1 5 100
1 39 5
1 25 37
1 2 28
2 49 40
2 24 13
2 8 88
2 45 79
2 3 69
2 1 28
3 41 8
3 28 63
3 13 38
3 20 26
3 4 98
3 2 69
4 35 46
4 18 90
4 20 76
4 31 12
4 5 66
4 3 98
5 9 94
5 32 36
5 1 100
5 26 25
5 15 86
5 6 41
5 4 66
6 18 2
6 10 41
6 37 63
6 44 56
6 40 6
6 13 69
6 7 7
6 5 41
7 22 4
7 20 42
7 13 69
7 41 71
7 8 65
7 6 7
8 41 100
8 37 96
8 30 62
8 2 88
8 44 14
8 9 38
8 7 65
9 5 94
9 17 75
9 30 35
9 22 77
9 23 79
9 35 38
9 10 32
9 8 38
10 6 41
10 37 71
10 48 68
10 25 45
10 35 93
10 29 86
10 11 67
10 9 32
11 40 71
11 23 54
11 47 85
11 19 99
11 34 92
11 48 69
11 20 68
11 44 51
11 12 25
11 10 67
12 24 96
12 16 58
12 18 100
12 19 96
12 17 77
12 14 38
12 35 76
12 13 14
12 11 25
13 23 71
13 42 87
13 3 38
13 25 1
13 6 69
13 17 59
13 7 69
13 14 79
13 12 14
14 30 14
14 20 51
14 41 77
14 12 38
14 46 94
14 39 60
14 15 40
14 13 79
15 39 7
15 37 48
15 28 26
15 42 36
15 38 21
15 5 86
15 16 80
15 14 40
16 20 47
16 12 58
16 29 71
16 33 60
16 39 13
16 17 20
16 15 80
17 28 24
17 38 47
17 46 83
17 9 75
17 12 77
17 13 59
17 18 79
17 16 20
18 6 2
18 4 90
18 41 53
18 12 100
18 35 35
18 34 62
18 23 43
18 49 44
18 19 29
18 17 79
19 1 91
19 29 26
19 43 91
19 48 30
19 22 74
19 12 96
19 11 99
19 20 1
19 18 29
20 43 56
20 38 16
20 16 47
20 7 42
20 14 51
20 4 76
20 28 26
20 11 68
20 3 26
20 21 66
20 19 1
21 49 10
21 22 49
21 20 66
22 46 70
22 7 4
22 48 18
22 19 74
22 37 94
22 9 77
22 42 17
22 23 22
22 21 49
23 29 6
23 28 67
23 13 71
23 30 1
23 11 54
23 45 34
23 48 96
23 9 79
23 18 43
23 25 42
23 35 29
23 24 42
23 22 22
24 12 96
24 29 89
24 46 97
24 44 97
24 2 13
24 38 96
24 31 82
24 25 27
24 23 42
25 1 37
25 10 45
25 44 76
25 13 1
25 27 2
25 23 42
25 26 72
25 24 27
26 44 80
26 29 85
26 5 25
26 50 86
26 27 46
26 25 72
27 25 2
27 28 51
27 26 46
28 23 67
28 17 24
28 15 26
28 30 36
28 39 55
28 3 63
28 20 26
28 50 21
28 29 98
28 27 51
29 23 6
29 26 85
29 19 26
29 16 71
29 24 89
29 10 86
29 30 16
29 28 98
30 35 21
30 23 1
30 14 14
30 28 36
30 9 35
30 8 62
30 45 9
30 33 26
30 31 84
30 29 16
31 4 12
31 34 89
31 24 82
31 32 85
31 30 84
32 5 36
32 50 87
32 41 79
32 33 43
32 31 85
33 16 60
33 44 64
33 30 26
33 34 53
33 32 43
34 41 50
34 44 10
34 18 62
34 11 92
34 31 89
34 35 34
34 33 53
35 30 21
35 4 46
35 18 35
35 10 93
35 23 29
35 9 38
35 12 76
35 36 8
35 34 34
36 38 68
36 50 77
36 37 93
36 35 8
37 15 48
37 10 71
37 6 63
37 8 96
37 22 94
37 38 40
37 36 93
38 20 16
38 17 47
38 36 68
38 15 21
38 24 96
38 39 24
38 37 40
39 15 7
39 1 5
39 43 66
39 49 4
39 28 55
39 14 60
39 16 13
39 44 97
39 40 30
39 38 24
40 11 71
40 6 6
40 49 85
40 41 24
40 39 30
41 34 50
41 3 8
41 18 53
41 32 79
41 43 69
41 8 100
41 14 77
41 7 71
41 42 90
41 40 24
42 44 50
42 15 36
42 13 87
42 22 17
42 43 7
42 41 90
43 20 56
43 19 91
43 39 66
43 41 69
43 44 89
43 42 7
44 26 80
44 42 50
44 34 10
44 6 56
44 24 97
44 25 76
44 8 14
44 33 64
44 46 10
44 11 51
44 39 97
44 45 68
44 43 89
45 23 34
45 2 79
45 30 9
45 46 98
45 44 68
46 22 70
46 24 97
46 17 83
46 44 10
46 14 94
46 47 69
46 45 98
47 11 85
47 48 39
47 46 69
48 10 68
48 22 18
48 19 30
48 23 96
48 11 69
48 49 77
48 47 39
49 39 4
49 2 40
49 21 10
49 40 85
49 18 44
49 50 49
49 48 77
50 32 87
50 36 77
50 26 86
50 28 21
50 49 49
