20
1 Establecer_punto_seguro 49 15 19 20 2 0
2 Asegurar_artefacto 34 7 12 15 17 3 0
3 Acceder_a_sistemas_seguridad 42 10 8 9 4 0
4 Detener_ataque_cibernetico 26 13 14 17 5 0
5 Identificar_objetivo_secundario 36 9 14 6 0
6 Asegurar_artefacto 30 18 12 10 11 16 7 0
7 Anular_defensas_enemigas 38 19 13 8 0
8 Recuperar_acceso_sistema_critico 3 10 15 9 0
9 Identificar_objetivo_secundario 22 15 20 10 0
10 Localizar_articulo_roto 9 14 11 0
11 Proteger_testigo_vip 19 20 16 12 0
12 Extraer_codigo_fuente 7 14 20 13 0
13 Infiltrarse_grupo 23 19 15 14 0
14 Proteger_testigo_vip 32 18 19 15 0
15 Interceptar_comunicaciones 40 18 16 0
16 Recuperar_dispositivo 1 20 18 17 0
17 Desactivar_artefacto 37 18 0
18 Identificar_objetivo_secundario 29 19 0
19 Proteger_emisarios 1 20 0
20 Desactivar_la_Entidad 11 0
50 36
1 Montevideo
2 Nueva_York
3 Roma
4 Tokio
5 Moscu
6 Abu_Dhabi
7 Hong_Kong
8 Los_Angeles
9 Paris
10 Londres
11 Punta_del_Este
12 Salto
13 Rivera
14 Canelones
15 Colonia
16 Durazno
17 Paysandu
18 Maldonado
19 San_Pablo
20 Buenos_Aires
21 Barcelona
22 Madrid
23 Berlin
24 Amsterdam
25 Lisboa
26 Bruselas
27 Estocolmo
28 Copenhague
29 Helsinki
30 Varsovia
31 Atenas
32 El_Cairo
33 Sidney
34 Melbourne
35 Toronto
36 Vancouver
37 Ciudad_de_Mexico
38 Bogota
39 Santiago_de_Chile
40 Quito
41 Lima
42 Caracas
43 Brasilia
44 Ciudad_del_Cabo
45 Johannesburgo
46 Dubai
47 Singapur
48 Seul
49 Beijing
50 Bangkok
368
1 49 71
1 44 78
1 50 65
1 15 91
1 27 72
1 24 50
1 2 71
2 7 61
2 31 85
2 15 89
2 30 36
2 3 75
2 1 71
3 9 44
3 4 73
3 2 75
4 48 40
4 46 35
4 35 8
4 17 39
4 16 36
4 43 15
4 5 4
4 3 73
5 11 72
5 19 34
5 43 55
5 29 55
5 6 2
5 4 4
6 18 70
6 28 76
6 32 89
6 34 17
6 7 12
6 5 2
7 16 30
7 2 61
7 33 77
7 23 11
7 22 24
7 8 67
7 6 12
8 23 1
8 37 70
8 15 35
8 20 89
8 27 59
8 14 64
8 9 74
8 7 67
9 39 58
9 3 44
9 40 4
9 15 63
9 28 8
9 10 45
9 8 74
10 48 75
10 46 25
10 19 78
10 39 47
10 21 80
10 47 85
10 11 26
10 9 45
11 5 72
11 34 90
11 25 79
11 49 68
11 12 29
11 10 26
12 38 23
12 23 82
12 22 22
12 29 61
12 42 8
12 13 98
12 11 29
13 45 13
13 18 42
13 27 36
13 14 12
13 12 98
14 23 1
14 22 81
14 24 66
14 8 64
14 37 94
14 15 41
14 13 12
15 30 78
15 35 1
15 8 35
15 19 49
15 1 91
15 36 36
15 2 89
15 9 63
15 16 57
15 14 41
16 7 30
16 26 53
16 41 19
16 29 76
16 19 2
16 4 36
16 17 56
16 15 57
17 34 96
17 4 39
17 26 15
17 33 29
17 18 23
17 16 56
18 29 57
18 35 17
18 6 70
18 31 84
18 42 80
18 13 42
18 33 59
18 19 44
18 17 23
19 10 78
19 5 34
19 32 56
19 15 49
19 21 75
19 48 2
19 29 71
19 16 2
19 20 9
19 18 44
20 35 79
20 50 23
20 8 89
20 47 68
20 21 16
20 19 9
21 36 48
21 10 80
21 26 61
21 23 83
21 38 88
21 39 15
21 19 75
21 48 47
21 22 58
21 20 16
22 24 97
22 40 27
22 49 81
22 14 81
22 28 70
22 12 22
22 7 24
22 25 56
22 23 54
22 21 58
23 8 1
23 28 28
23 12 82
23 21 83
23 34 16
23 14 1
23 7 11
23 49 10
23 41 50
23 24 13
23 22 54
24 22 97
24 33 51
24 27 35
24 48 5
24 14 66
24 1 50
24 25 70
24 23 13
25 28 97
25 11 79
25 22 56
25 26 75
25 24 70
26 21 61
26 16 53
26 17 15
26 29 67
26 27 87
26 25 75
27 46 38
27 41 99
27 42 17
27 32 30
27 39 58
27 38 88
27 24 35
27 1 72
27 8 59
27 13 36
27 28 70
27 26 87
28 44 2
28 50 55
28 23 28
28 49 97
28 25 97
28 6 76
28 48 72
28 22 70
28 9 8
28 29 81
28 27 70
29 18 57
29 36 38
29 42 19
29 31 90
29 33 57
29 32 84
29 16 76
29 12 61
29 19 71
29 5 55
29 26 67
29 30 13
29 28 81
30 15 78
30 42 86
30 2 36
30 31 53
30 29 13
31 29 90
31 18 84
31 2 85
31 34 29
31 44 79
31 32 94
31 30 53
32 19 56
32 40 40
32 27 30
32 6 89
32 29 84
32 43 52
32 36 57
32 33 35
32 31 94
33 24 51
33 29 57
33 7 77
33 46 36
33 18 59
33 17 29
33 34 27
33 32 35
34 17 96
34 42 13
34 11 90
34 23 16
34 47 66
34 31 29
34 6 17
34 35 18
34 33 27
35 18 17
35 20 79
35 15 1
35 4 8
35 47 46
35 36 91
35 34 18
36 21 48
36 29 38
36 32 57
36 15 36
36 37 80
36 35 91
37 41 58
37 8 70
37 44 70
37 14 94
37 38 81
37 36 80
38 12 23
38 21 88
38 50 48
38 27 88
38 39 57
38 37 81
39 10 47
39 21 15
39 9 58
39 43 15
39 27 58
39 40 54
39 38 57
40 22 27
40 32 40
40 9 4
40 41 26
40 39 54
41 37 58
41 27 99
41 16 19
41 47 8
41 23 50
41 42 34
41 40 26
42 29 19
42 27 17
42 34 13
42 18 80
42 12 8
42 30 86
42 43 82
42 41 34
43 47 44
43 39 15
43 32 52
43 5 55
43 4 15
43 44 75
43 42 82
44 28 2
44 1 78
44 37 70
44 31 79
44 46 3
44 45 46
44 43 75
45 13 13
45 46 75
45 44 46
46 10 25
46 27 38
46 4 35
46 33 36
46 44 3
46 47 83
46 45 75
47 43 44
47 34 66
47 41 8
47 35 46
47 10 85
47 20 68
47 48 53
47 46 83
48 10 75
48 4 40
48 28 72
48 19 2
48 24 5
48 21 47
48 49 49
48 47 53
49 1 71
49 28 97
49 22 81
49 23 10
49 11 68
49 50 26
49 48 49
50 20 23
50 28 55
50 1 65
50 38 48
50 49 26
