200
1 Acceder_a_sistemas_seguridad 47 143 49 24 154 108 100 200 74 30 7 35 124 121 73 63 166 114 55 103 71 118 18 23 152 8 138 91 25 162 134 29 107 165 77 65 197 20 120 195 129 2 0
2 Impedir_sabotaje_inminente 35 188 32 4 33 29 47 187 36 115 11 141 184 93 55 26 91 87 131 191 22 142 197 127 13 172 102 49 97 125 108 139 62 157 182 24 119 168 143 179 56 120 198 16 118 69 122 31 82 5 199 3 0
3 Anular_defensas_enemigas 29 71 118 100 164 14 43 137 67 111 151 126 142 10 180 76 161 189 170 104 64 156 167 79 52 93 92 72 66 105 120 102 12 135 4 0
4 Descubrir_identidad_de_infiltrados 2 154 8 163 138 79 29 81 142 113 106 192 102 122 131 9 182 80 100 66 164 59 69 136 41 31 167 70 160 96 133 22 166 15 134 83 156 5 0
5 Recolectar_evidencias 33 9 151 145 44 182 143 67 40 79 146 186 20 160 131 11 113 13 190 132 43 48 71 187 124 69 162 18 41 105 188 101 25 129 192 24 47 118 72 77 128 6 0
6 Localizar_articulo_roto 33 11 56 67 154 180 129 173 23 184 185 146 90 149 194 159 191 136 12 188 88 66 183 172 109 153 167 164 82 9 29 96 65 62 128 42 193 118 61 127 33 112 181 10 107 161 168 106 15 198 162 38 68 7 0
7 Infiltrarse_en_el_consejo 23 98 41 147 78 97 12 93 116 158 193 85 94 76 18 170 146 117 122 24 52 160 187 137 49 10 151 145 140 70 118 40 121 87 36 149 39 164 106 43 119 141 8 0
8 Interceptar_mensaje_enemigo 23 77 35 71 68 33 72 189 150 152 135 178 108 185 103 153 43 159 164 16 173 46 174 90 121 91 165 168 200 126 144 50 86 136 105 183 186 75 92 80 20 167 23 176 140 30 166 133 94 9 0
9 Neutralizar_amenaza 6 98 148 128 56 117 101 115 173 25 127 145 70 18 81 122 162 71 147 111 102 183 46 163 76 170 35 159 53 87 105 151 48 12 67 144 116 45 130 51 139 107 169 30 155 93 156 179 10 0
10 Transportar_material_clasificado 36 31 115 76 146 139 67 151 190 175 32 18 197 90 58 162 36 143 174 46 40 156 33 84 51 53 148 73 138 34 47 78 113 118 68 27 75 154 91 82 121 140 137 155 63 11 0
11 Interceptar_comunicaciones 29 118 99 52 20 102 175 155 63 132 114 95 75 176 191 168 196 107 40 125 37 172 141 89 31 154 185 123 152 120 153 15 113 183 195 119 59 94 24 200 72 151 34 198 25 12 0
12 Infiltrarse_grupo 33 31 164 197 26 156 136 69 137 129 22 58 60 198 97 160 36 80 184 124 93 109 179 167 132 50 47 166 57 143 133 83 108 104 154 161 37 15 126 42 29 20 94 13 0
13 Detener_fuga_de_informacion 30 50 68 95 80 25 89 121 178 94 62 36 106 33 114 30 199 127 157 53 49 54 167 169 55 136 153 75 47 87 74 143 149 142 65 124 138 21 40 67 14 0
14 Infiltrarse_grupo 30 107 83 53 198 20 151 154 148 123 140 118 25 42 190 29 51 89 67 95 47 149 132 131 188 35 72 169 106 74 88 135 108 85 195 86 115 68 76 81 65 34 30 66 75 142 15 0
15 Proteger_el_centro_neural 41 127 17 114 108 146 145 170 122 180 138 125 54 165 34 130 198 183 76 43 84 78 189 140 192 22 21 99 30 19 155 160 24 120 144 179 37 65 50 26 16 0
16 Detener_ataque_cibernetico 25 160 97 140 183 45 83 109 23 26 76 27 111 156 177 165 150 18 66 72 179 131 102 145 71 128 136 180 132 139 137 159 80 40 182 46 56 88 44 78 122 19 100 104 17 0
17 Recuperar_datos_sensibles 39 53 56 152 67 176 86 95 32 74 112 150 20 114 166 45 54 27 147 131 81 97 134 101 96 126 66 188 52 47 118 41 159 18 0
18 Infiltrarse_base_enemiga 2 186 142 41 56 100 95 44 198 57 46 159 106 194 97 115 104 140 171 172 38 133 24 129 190 116 31 35 107 200 50 125 59 30 119 112 195 98 156 184 155 96 22 26 160 19 0
19 Identificar_agente_hostil 11 195 169 59 81 162 112 87 65 82 72 180 143 114 40 151 38 107 69 48 149 43 46 199 60 77 118 25 52 158 175 125 137 78 190 24 185 90 70 159 179 181 21 167 173 23 20 0
20 Recuperar_control_de_sistema 41 100 108 73 23 142 86 98 182 53 151 131 44 74 50 85 66 69 112 24 143 195 169 58 25 187 124 190 101 91 51 32 194 29 64 97 63 130 54 21 0
21 Desmantelar_red_cibernetica 42 60 193 192 91 39 72 149 181 190 43 144 23 127 83 168 140 177 34 104 99 108 84 124 158 175 178 87 111 180 169 164 27 179 153 167 184 162 32 22 0
22 Detener_fuga_de_informacion 42 129 112 162 159 164 111 132 124 195 121 62 193 183 149 182 173 200 185 134 31 172 53 163 127 161 91 133 169 140 85 40 50 35 110 25 179 49 151 148 28 24 156 155 88 59 66 77 167 23 0
23 Descubrir_identidad_de_infiltrados 4 182 196 54 110 175 117 28 83 120 179 99 51 183 184 73 49 95 34 172 27 123 171 90 48 101 32 129 58 107 142 59 105 29 93 43 161 42 188 174 145 94 56 24 0
24 Anular_defensas_enemigas 36 60 195 129 115 162 62 154 184 169 125 180 30 145 175 194 140 148 149 153 152 42 158 189 190 110 119 130 88 139 68 191 120 101 104 197 131 38 156 86 36 117 163 25 0
25 Neutralizar_vehiculo 24 199 38 181 123 98 57 34 150 185 94 47 120 122 178 93 129 102 115 118 130 195 174 188 194 144 171 187 86 97 61 41 83 26 0
26 Desactivar_servidor 4 35 191 195 124 125 137 169 76 80 189 162 29 45 141 170 42 59 127 185 155 91 152 48 98 89 79 113 71 200 68 107 110 142 172 132 44 122 154 61 27 0
27 Recuperar_control_de_sistema 4 68 165 33 190 29 107 106 197 176 132 123 88 99 59 70 158 34 61 48 128 112 30 111 164 172 143 84 32 46 118 47 50 200 35 114 98 188 125 76 195 180 167 64 133 137 28 0
28 Descifrar_codigos 4 184 141 60 48 200 197 162 137 191 99 125 165 175 84 174 38 133 123 107 110 71 129 172 102 82 77 78 44 111 199 88 59 112 74 42 65 47 70 163 51 115 126 29 0
29 Proteger_testigo_vip 42 53 116 147 34 63 190 154 133 55 69 130 83 62 176 157 153 80 112 178 39 182 142 93 44 135 110 54 167 171 45 67 41 106 125 89 137 32 121 37 91 131 177 104 59 30 0
30 Recolectar_evidencias 5 163 111 103 133 84 166 144 50 168 173 136 119 66 107 178 192 200 184 179 47 87 96 187 193 70 76 199 112 32 82 31 0
31 Identificar_objetivo_secundario 15 47 128 176 79 183 58 44 194 131 174 51 179 138 198 175 60 171 200 119 96 93 53 129 178 90 137 162 161 197 184 72 81 49 32 0
32 Obtener_coordenadas_clave 21 152 139 183 173 174 40 102 200 113 147 190 178 177 179 134 51 146 72 125 182 141 175 75 185 130 176 114 101 123 128 197 112 195 186 33 0
33 Infiltrarse_base_enemiga 41 178 99 97 141 174 135 129 89 115 55 81 62 198 145 123 95 52 83 187 163 106 142 184 77 44 166 128 151 181 82 190 78 197 38 146 156 154 132 180 176 102 100 91 155 161 54 168 80 177 152 34 0
34 Asegurar_artefacto 24 129 113 172 69 71 178 81 137 38 124 72 37 160 64 49 93 169 83 43 176 150 92 164 143 89 153 183 36 115 154 98 191 158 117 193 53 114 35 0
35 Descubrir_identidad_de_infiltrados 27 193 73 147 68 82 38 111 183 181 48 153 162 125 156 110 120 122 55 182 149 176 197 173 61 140 132 80 137 102 195 92 90 157 134 60 36 0
36 Establecer_punto_seguro 46 87 170 136 157 109 81 75 169 51 189 68 192 130 39 45 160 127 57 64 180 190 177 73 79 120 142 80 138 129 113 89 74 37 0
37 Descubrir_identidad_de_infiltrados 39 116 83 99 92 135 155 95 122 165 123 86 153 126 53 169 43 114 39 62 183 145 46 195 49 80 187 94 100 177 154 54 125 55 51 89 142 166 56 59 88 136 38 0
38 Encriptar_datos_confidenciales 33 122 49 145 45 44 61 138 73 84 50 102 64 69 91 149 157 43 113 194 136 116 107 129 141 121 94 110 86 182 79 177 85 123 181 146 199 56 189 188 67 109 39 0
39 Liberar_informacion 2 58 142 198 181 127 114 43 134 92 154 162 111 76 143 182 60 78 42 133 175 57 121 79 104 129 150 95 100 66 106 186 93 152 108 176 96 200 138 99 149 160 88 56 40 0
40 Establecer_punto_seguro 8 67 141 189 172 164 72 190 65 120 89 101 194 75 135 43 140 181 142 163 155 152 47 157 192 68 193 54 116 91 160 117 176 159 149 144 63 90 131 41 0
41 Obtener_coordenadas_clave 44 122 186 56 152 165 88 157 54 183 45 93 129 118 140 120 109 84 114 198 59 130 68 80 192 147 121 95 42 0
42 Acceder_a_sistemas_seguridad 29 120 88 113 91 157 111 130 70 78 176 108 56 103 153 101 161 133 80 160 105 122 109 61 128 178 192 142 168 155 187 43 0
43 Infiltrar_red_de_mandos 50 70 66 54 135 96 163 134 58 144 91 123 56 121 161 190 90 92 146 81 191 156 166 106 99 100 67 179 162 109 113 171 177 164 129 183 188 150 165 142 189 74 44 0
44 Infiltrarse_grupo 33 135 159 53 154 120 110 187 153 60 189 86 138 105 93 125 182 94 121 52 161 185 171 72 151 131 102 130 195 173 73 127 111 162 70 143 103 109 183 45 0
45 Establecer_punto_seguro 21 164 94 124 52 160 107 47 56 192 193 177 173 102 64 60 110 108 87 116 112 58 149 163 49 54 67 109 191 70 78 90 69 166 46 0
46 Identificar_agente_hostil 26 152 163 128 176 104 103 96 133 140 131 157 113 145 127 124 144 156 91 111 147 63 180 125 102 169 66 117 81 55 191 107 189 185 187 75 68 167 86 148 79 196 56 47 0
47 Recuperar_datos_sensibles 21 74 154 103 55 95 148 118 73 107 79 96 175 81 114 192 152 120 75 180 141 136 162 112 187 177 173 91 82 174 86 149 68 185 135 186 171 146 147 128 48 0
48 Detener_ataque_cibernetico 42 71 179 58 166 139 130 79 174 192 74 72 75 156 135 99 121 66 176 112 90 196 175 165 56 199 98 152 125 137 62 136 50 49 0
49 Recuperar_acceso_sistema_critico 22 125 118 144 142 136 100 155 156 192 183 63 141 98 185 80 103 122 140 200 196 143 150 148 57 62 83 161 166 188 59 171 55 119 81 50 0
50 Desactivar_artefacto 15 138 61 79 185 149 63 170 76 92 189 98 111 182 97 129 177 169 136 123 178 168 57 172 73 197 140 88 157 152 62 190 82 148 188 125 51 0
51 Interceptar_mensaje_enemigo 31 196 137 131 155 148 135 139 110 107 98 160 113 68 173 187 83 185 80 143 92 123 105 166 90 167 64 147 78 181 52 0
52 Recuperar_llave 18 153 115 109 193 135 191 70 106 187 101 82 58 99 164 151 177 93 174 105 168 144 172 76 56 94 75 100 158 110 96 78 53 0
53 Liberar_informacion 1 76 105 75 189 194 112 55 74 160 67 69 97 116 183 95 68 79 187 146 111 117 197 166 56 54 0
54 Identificar_objetivo_secundario 17 199 192 104 172 188 158 57 130 154 59 116 115 151 193 64 135 169 117 150 70 132 183 69 126 164 110 105 112 129 156 74 79 159 99 55 0
55 Neutralizar_vehiculo 24 184 98 127 147 176 72 200 154 165 89 80 161 156 66 122 155 164 56 0
56 Anular_defensas_enemigas 29 136 106 102 92 197 103 146 137 184 96 194 167 200 156 93 58 127 80 85 155 91 172 63 101 135 168 57 0
57 Proteger_el_centro_neural 36 81 163 126 137 90 99 194 113 78 84 180 168 60 71 107 166 67 151 195 61 152 122 80 119 100 139 169 65 164 198 129 91 58 0
58 Obtener_informacion_confidencial 18 169 116 174 197 107 67 180 68 69 103 114 130 78 193 124 72 166 171 192 73 83 120 66 62 175 131 59 0
59 Saboteo_interno 46 73 66 119 81 104 193 165 140 131 109 175 91 155 71 89 106 173 94 129 142 65 74 128 110 132 105 150 78 183 172 93 199 75 188 135 120 178 60 0
60 Interceptar_mensaje_enemigo 31 176 155 198 182 162 194 119 94 93 113 170 166 103 134 65 199 121 90 124 132 153 114 129 178 163 149 77 160 82 185 151 61 0
61 Recuperar_acceso_sistema_critico 41 95 151 189 168 99 67 83 69 82 90 66 144 176 65 72 148 71 121 74 190 139 78 156 77 100 172 136 192 123 145 64 119 140 159 174 96 68 62 0
62 Infiltrar_red_de_mandos 3 185 194 80 156 198 104 133 99 122 162 197 143 176 66 135 94 119 108 150 121 152 93 107 165 95 181 199 84 126 118 141 85 63 0
63 Extraer_codigo_fuente 6 111 105 137 112 86 126 129 141 153 95 149 188 136 195 164 101 148 168 144 158 147 79 196 143 200 97 90 64 0
64 Interceptar_comunicaciones 26 111 134 172 156 164 141 127 88 101 94 152 78 121 177 165 74 107 70 82 184 168 106 68 126 97 183 135 167 72 190 65 0
65 Acceder_red_inteligencia 11 91 167 148 87 95 116 166 133 139 103 117 109 127 83 150 182 80 130 72 164 188 178 90 77 75 154 73 162 82 146 186 66 0
66 Eliminar_trazabilidad_de_mision 27 110 108 71 146 149 147 180 92 130 182 133 127 167 183 70 122 191 86 161 177 73 145 186 176 97 185 68 129 168 142 99 123 67 0
67 Identificar_agente_hostil 4 158 200 157 164 144 174 194 166 77 191 99 155 141 188 147 78 81 182 130 178 74 175 110 189 117 134 116 196 68 0
68 Asegurar_la_cuarta_llave 14 187 87 185 159 93 153 81 180 71 158 117 189 134 85 141 157 130 145 106 88 183 147 70 129 178 173 193 69 0
69 Acceder_red_inteligencia 49 100 94 120 95 154 161 101 142 198 77 84 199 162 98 165 99 97 93 72 164 86 182 127 158 107 89 163 194 71 138 170 126 129 91 70 0
70 Recuperar_llave 7 159 131 198 106 135 189 129 177 132 102 101 138 128 87 144 77 176 86 126 168 148 196 200 165 110 79 100 124 120 71 0
71 Neutralizar_vehiculo 6 85 183 194 137 120 126 177 170 155 154 160 97 180 191 100 106 114 174 82 140 146 84 92 153 127 148 72 0
72 Recuperar_acceso_sistema_critico 43 107 187 110 177 189 99 185 150 91 88 122 82 119 157 145 176 179 94 84 126 114 159 118 98 137 120 163 131 165 73 0
73 Transportar_material_clasificado 47 143 169 119 111 154 168 126 159 79 177 114 173 117 108 128 185 194 170 192 186 82 189 124 106 139 100 167 74 0
74 Anular_defensas_enemigas 30 173 89 101 195 106 183 137 113 77 97 145 84 132 124 143 185 139 178 78 100 119 116 75 0
75 Encriptar_datos_confidenciales 13 172 192 112 105 175 151 111 161 94 79 109 99 142 123 126 96 118 165 188 189 154 77 197 113 134 91 199 84 108 76 0
76 Sabotear_instalacion 7 107 155 120 116 129 142 173 127 146 165 119 82 112 105 143 133 114 91 100 131 136 184 77 0
77 Acceder_red_inteligencia 18 118 177 131 147 116 196 183 120 92 141 129 134 125 93 166 114 149 83 117 140 113 98 97 106 121 158 143 96 146 188 137 102 199 89 78 0
78 Proteger_el_centro_neural 18 135 112 162 173 161 167 152 101 107 96 92 85 172 200 174 137 138 184 195 128 106 165 185 114 102 159 151 115 149 131 178 81 140 189 79 0
79 Recuperar_datos_sensibles 8 187 143 135 178 108 160 116 102 184 196 182 114 155 118 98 195 158 126 105 166 164 99 159 123 177 199 150 173 110 112 80 0
80 Descubrir_identidad_de_infiltrados 50 172 180 182 190 136 144 123 161 95 104 111 120 83 87 177 194 91 116 112 119 128 145 135 118 81 0
81 Saboteo_interno 35 149 196 140 130 159 96 139 103 182 163 175 119 197 116 155 106 108 105 192 141 186 164 160 165 128 82 0
82 Recuperar_datos_sensibles 13 173 196 182 132 118 193 166 106 142 154 88 185 129 162 102 174 85 122 143 199 134 188 190 137 136 83 0
83 Acceder_a_sistemas_seguridad 25 135 150 140 122 146 190 118 168 162 169 192 174 155 149 88 109 129 101 165 143 84 0
84 Recuperar_llave 43 187 172 142 97 113 89 185 188 137 111 171 197 163 91 166 139 94 184 98 114 88 168 196 134 148 150 183 156 182 144 194 85 0
85 Impedir_sabotaje_inminente 7 170 112 117 97 171 133 109 199 162 134 178 107 144 136 140 165 122 126 119 86 0
86 Recuperar_acceso_sistema_critico 49 105 160 110 182 148 181 195 162 199 120 185 139 154 113 177 137 186 119 200 157 89 179 128 147 183 136 114 184 146 88 87 0
87 Desmantelar_red_cibernetica 36 91 164 111 199 104 145 94 171 133 140 119 96 122 121 98 112 149 163 100 93 130 128 166 118 88 0
88 Liberar_informacion 5 133 100 175 146 159 95 190 137 143 145 177 199 151 171 94 124 135 91 110 173 158 130 161 169 113 90 96 160 186 138 89 0
89 Transportar_material_clasificado 4 100 156 189 106 135 119 94 153 101 124 168 141 185 195 130 175 97 145 125 126 198 104 103 90 0
90 Detener_fuga_de_informacion 25 111 114 183 173 137 184 178 153 133 152 99 102 134 199 182 143 96 141 193 94 161 170 156 165 100 174 115 176 91 0
91 Recolectar_evidencias 45 139 182 110 130 176 112 197 120 140 192 152 95 132 171 147 188 123 106 175 119 101 92 0
92 Acceder_red_inteligencia 23 130 141 184 109 133 143 132 173 112 149 182 195 142 196 137 176 116 156 139 104 110 180 172 199 93 0
93 Infiltrar_red_de_mandos 45 178 185 169 140 116 188 165 126 151 146 127 166 125 176 94 0
94 Asegurar_la_cuarta_llave 36 133 109 122 141 166 111 104 153 183 97 186 188 113 174 119 149 142 195 162 193 200 101 128 95 0
95 Acceder_red_inteligencia 35 156 120 118 176 190 187 152 162 127 197 142 137 157 119 134 163 175 180 182 185 166 194 151 106 111 124 159 112 179 96 0
96 Transportar_material_clasificado 23 103 121 161 149 111 177 100 108 99 194 133 137 187 147 131 136 154 117 113 97 0
97 Descubrir_identidad_de_infiltrados 17 175 140 125 195 100 164 152 190 147 192 111 167 151 110 112 142 161 102 184 134 173 98 0
98 Neutralizar_amenaza 6 159 125 118 171 191 182 134 106 192 111 148 199 189 158 112 172 146 168 105 108 113 174 177 99 0
99 Infiltrar_red_de_mandos 14 103 135 166 138 142 159 133 177 167 151 154 186 139 146 131 100 0
100 Neutralizar_amenaza 20 135 129 106 196 133 185 178 197 105 167 140 177 103 179 111 125 124 101 0
101 Descifrar_codigos 48 124 114 140 174 108 123 173 146 139 163 184 187 185 164 172 193 102 0
102 Extraer_codigo_fuente 34 165 119 199 122 198 193 110 134 153 196 146 186 117 103 0
103 Interceptar_comunicaciones 13 198 151 113 131 169 170 189 150 152 196 174 164 105 190 109 119 199 173 130 114 145 137 117 195 187 115 163 197 104 0
104 Neutralizar_amenaza 17 113 198 124 111 167 157 142 171 170 139 188 110 194 197 176 181 166 177 112 192 169 145 179 120 119 129 172 130 105 0
105 Proteger_emisarios 27 200 114 151 190 113 111 110 197 193 154 160 194 150 156 121 125 119 128 168 182 106 0
106 Infiltrar_servidor_secreto 35 164 200 121 168 175 115 159 127 158 191 108 139 184 163 109 180 160 140 116 126 153 183 132 186 135 154 107 0
107 Proteger_sede_FMI 25 164 153 111 151 165 110 176 156 174 114 139 118 135 169 181 124 159 120 141 113 163 144 183 109 108 0
108 Desactivar_servidor 36 132 116 171 146 112 174 177 141 115 164 145 184 124 163 123 151 110 113 180 159 175 187 119 142 109 0
109 Impedir_sabotaje_inminente 1 187 125 139 135 122 161 167 124 144 111 189 137 118 175 171 138 192 154 195 160 143 158 136 110 0
110 Descubrir_identidad_de_infiltrados 24 186 141 168 127 135 182 123 173 191 151 115 149 169 160 134 133 111 0
111 Identificar_agente_hostil 11 137 124 151 133 134 127 157 159 147 119 187 113 152 166 153 196 178 145 180 164 192 190 141 112 0
112 Sabotear_instalacion 3 122 152 123 198 157 156 176 193 163 185 197 149 155 118 184 128 113 0
113 Transportar_material_clasificado 35 151 178 162 147 145 169 167 184 140 185 181 163 150 142 139 170 135 149 172 182 128 200 146 114 0
114 Infiltrarse_red_financiera 22 175 150 195 139 160 191 155 124 161 148 122 197 141 138 125 199 128 181 159 166 198 130 180 192 115 0
115 Infiltrarse_base_enemiga 9 164 195 199 119 166 161 182 181 132 179 145 154 165 155 151 122 131 124 123 177 135 130 186 176 116 0
116 Recuperar_dispositivo 20 144 182 150 126 195 133 164 138 168 142 161 122 151 167 123 165 171 163 154 117 0
117 Proteger_el_centro_neural 11 129 193 135 137 198 160 166 146 174 138 195 183 162 187 182 132 197 119 139 180 118 0
118 Liberar_informacion 41 146 151 187 185 194 127 132 122 174 166 138 119 0
119 Interceptar_transmision_secreta 47 165 184 199 123 157 193 147 169 168 170 127 150 121 192 136 180 190 135 161 177 163 172 125 120 0
120 Desactivar_artefacto 44 181 189 177 186 174 128 126 129 145 164 192 130 193 167 179 153 159 160 170 176 178 121 0
121 Proteger_testigo_vip 3 171 188 154 181 158 191 130 135 194 172 200 177 122 0
122 Recuperar_acceso_sistema_critico 47 147 167 181 136 189 194 179 132 195 135 145 196 168 160 140 131 133 163 178 159 123 0
123 Detener_ataque_cibernetico 38 156 192 135 167 134 139 149 180 154 187 132 185 175 124 0
124 Desmantelar_red_cibernetica 49 139 133 147 177 148 153 162 182 184 189 130 140 192 163 141 131 158 143 155 145 195 193 179 137 171 129 170 125 0
125 Asegurar_la_cuarta_llave 6 131 176 187 160 181 135 144 129 172 127 189 154 195 194 179 164 191 182 126 0
126 Establecer_punto_seguro 22 160 195 183 169 142 188 186 182 192 164 198 150 187 199 155 173 141 170 149 127 0
127 Recuperar_acceso_sistema_critico 19 145 144 151 182 158 147 164 177 154 150 174 156 199 170 162 139 128 0
128 Interceptar_mensaje_enemigo 47 165 172 191 200 134 136 149 174 157 155 171 150 178 175 166 189 184 183 132 135 129 0
129 Recuperar_datos_sensibles 37 156 171 191 163 189 159 197 177 131 143 148 146 200 130 0
130 Saboteo_interno 3 175 164 137 134 198 178 155 152 184 146 189 139 181 174 145 156 195 187 132 138 144 163 153 168 172 179 131 0
131 Identificar_agente_hostil 12 145 163 183 143 160 133 135 187 165 191 161 138 157 149 182 159 190 146 200 132 0
132 Detener_fuga_de_informacion 3 174 168 134 149 147 139 138 189 153 180 194 173 184 200 133 0
133 Infiltrarse_red_financiera 29 160 175 181 176 190 173 148 138 192 177 178 188 134 0
134 Cortar_comunicaciones_enemigas 48 195 187 182 145 141 150 166 177 148 139 200 197 191 156 158 190 198 135 0
135 Recuperar_llave 6 184 149 200 160 155 176 140 198 147 152 179 138 136 0
136 Localizar_articulo_roto 49 156 192 163 164 144 157 148 139 191 182 180 153 142 140 197 175 176 137 0
137 Descubrir_identidad_de_infiltrados 22 144 167 145 161 176 172 152 148 194 191 140 141 173 189 174 138 0
138 Proteger_sede_FMI 36 155 164 187 181 144 185 197 180 143 147 194 174 146 182 179 139 0
139 Obtener_informacion_confidencial 28 157 160 184 193 177 180 190 142 166 155 188 183 170 191 140 0
140 Proteger_sede_FMI 47 196 175 190 169 145 172 158 199 152 148 187 193 173 141 0
141 Descifrar_codigos 7 175 173 143 192 159 169 166 168 170 186 146 151 147 142 0
142 Liberar_informacion 50 190 150 163 199 200 146 152 179 196 195 185 181 175 159 161 157 143 0
143 Recolectar_evidencias 48 158 196 161 187 183 162 192 157 172 188 181 146 159 171 144 0
144 Acceder_red_inteligencia 32 175 200 184 193 155 158 165 186 160 183 169 185 164 174 177 162 161 145 0
145 Impedir_sabotaje_inminente 17 181 179 195 174 161 158 147 176 197 146 0
146 Liberar_informacion 31 190 163 155 172 168 175 183 157 198 160 162 184 200 165 179 191 188 173 164 147 0
147 Desmantelar_red_cibernetica 8 195 178 193 168 200 185 157 150 172 174 191 148 0
148 Establecer_contacto_confidencial 3 159 160 151 172 193 167 157 156 179 181 194 149 0
149 Cortar_comunicaciones_enemigas 31 198 174 177 199 194 182 150 0
150 Acceder_a_sistemas_seguridad 13 167 166 165 152 155 200 188 156 168 157 151 0
151 Recuperar_control_de_sistema 44 198 188 173 184 158 167 168 162 185 166 194 170 180 159 152 0
152 Impedir_sabotaje_inminente 46 180 184 169 188 193 185 158 198 200 153 0
153 Infiltrarse_grupo 9 173 177 162 190 161 168 154 0
154 Interceptar_mensaje_enemigo 23 180 192 179 173 200 185 155 0
155 Proteger_testigo_vip 19 192 163 157 160 177 165 194 198 169 197 171 195 156 0
156 Desmantelar_red_cibernetica 20 177 168 185 187 179 200 188 175 157 0
157 Proteger_testigo_vip 41 162 161 167 195 181 186 187 194 188 196 165 158 0
158 Recuperar_datos_sensibles 5 198 177 200 185 176 186 187 180 161 194 188 159 0
159 Eliminar_trazabilidad_de_mision 19 182 178 161 186 199 174 169 166 160 0
160 Encriptar_datos_confidenciales 23 166 177 171 189 164 176 168 193 198 161 0
161 Interceptar_comunicaciones 22 195 198 176 200 186 177 182 167 175 194 162 0
162 Recuperar_acceso_sistema_critico 16 167 187 180 193 185 178 200 198 176 172 163 0
163 Acceder_a_sistemas_seguridad 37 178 177 190 196 181 168 186 198 187 174 164 0
164 Liberar_informacion 16 174 198 195 197 186 175 191 165 0
165 Recuperar_acceso_sistema_critico 21 197 176 192 182 193 196 170 166 0
166 Recuperar_dispositivo 6 178 181 187 177 179 174 197 190 200 184 186 167 0
167 Proteger_sede_FMI 43 177 178 173 185 176 195 175 169 187 193 180 188 198 184 199 168 0
168 Interceptar_transmision_secreta 28 198 181 197 187 184 188 175 170 176 169 0
169 Desmantelar_red_cibernetica 36 176 171 186 188 198 182 172 193 195 191 170 0
170 Infiltrar_red_de_mandos 39 181 194 196 192 188 180 177 173 172 171 0
171 Neutralizar_vehiculo 23 184 195 182 187 172 0
172 Obtener_informacion_confidencial 30 186 192 200 173 0
173 Neutralizar_vehiculo 32 182 184 183 177 174 0
174 Descifrar_codigos 2 190 184 188 177 194 175 0
175 Eliminar_trazabilidad_de_mision 21 182 191 188 200 179 196 197 176 0
176 Sabotear_instalacion 39 200 181 190 192 185 177 0
177 Proteger_informante 29 183 182 194 178 0
178 Recuperar_acceso_sistema_critico 22 184 183 198 195 181 186 179 0
179 Asegurar_la_cuarta_llave 23 186 193 187 196 180 0
180 Saboteo_interno 36 193 195 181 0
181 Descifrar_codigos 22 187 197 192 200 191 182 0
182 Localizar_articulo_roto 8 200 194 186 191 183 0
183 Detener_ataque_cibernetico 46 190 188 192 184 0
184 Establecer_punto_seguro 17 186 191 187 200 195 193 185 0
185 Establecer_contacto_confidencial 37 199 192 188 191 186 0
186 Desactivar_artefacto 35 196 198 187 0
187 Detener_ataque_cibernetico 16 197 190 192 189 199 188 0
188 Eliminar_trazabilidad_de_mision 23 191 196 197 189 0
189 Encriptar_datos_confidenciales 3 196 190 0
190 Proteger_emisarios 50 196 192 191 0
191 Obtener_informacion_confidencial 49 193 199 192 0
192 Identificar_agente_hostil 17 194 199 193 0
193 Descubrir_identidad_de_infiltrados 44 196 200 194 0
194 Localizar_articulo_roto 48 200 198 195 0
195 Obtener_coordenadas_clave 30 199 200 196 0
196 Encriptar_datos_confidenciales 11 198 197 0
197 Sabotear_instalacion 28 198 0
198 Sabotear_instalacion 16 199 0
199 Proteger_sede_FMI 5 200 0
200 Desactivar_la_Entidad 5 0
50 41
1 Montevideo
2 Nueva_York
3 Roma
4 Tokio
5 Moscu
6 Abu_Dhabi
7 Hong_Kong
8 Los_Angeles
9 Paris
10 Londres
11 Punta_del_Este
12 Salto
13 Rivera
14 Canelones
15 Colonia
16 Durazno
17 Paysandu
18 Maldonado
19 San_Pablo
20 Buenos_Aires
21 Barcelona
22 Madrid
23 Berlin
24 Amsterdam
25 Lisboa
26 Bruselas
27 Estocolmo
28 Copenhague
29 Helsinki
30 Varsovia
31 Atenas
32 El_Cairo
33 Sidney
34 Melbourne
35 Toronto
36 Vancouver
37 Ciudad_de_Mexico
38 Bogota
39 Santiago_de_Chile
40 Quito
41 Lima
42 Caracas
43 Brasilia
44 Ciudad_del_Cabo
45 Johannesburgo
46 Dubai
47 Singapur
48 Seul
49 Beijing
50 Bangkok
368
1 23 40
1 50 25
1 10 65
1 7 25
1 11 1
1 16 43
1 2 87
2 16 89
2 21 10
2 43 4
2 3 71
2 1 87
3 6 3
3 11 47
3 14 48
3 18 20
3 36 53
3 5 32
3 42 22
3 4 89
3 2 71
4 10 84
4 6 75
4 40 88
4 45 98
4 14 54
4 5 24
4 3 89
5 3 32
5 6 77
5 4 24
6 31 94
6 3 3
6 4 75
6 26 89
6 19 65
6 28 26
6 7 2
6 5 77
7 1 25
7 21 2
7 8 25
7 6 2
8 32 30
8 21 92
8 17 39
8 31 51
8 45 39
8 9 1
8 7 25
9 17 25
9 33 51
9 39 42
9 49 97
9 10 40
9 8 1
10 4 84
10 1 65
10 38 9
10 17 54
10 15 99
10 41 5
10 46 29
10 25 57
10 11 23
10 9 40
11 48 19
11 3 47
11 1 1
11 29 66
11 24 58
11 12 26
11 10 23
12 32 16
12 45 45
12 15 69
12 23 83
12 30 85
12 24 3
12 13 47
12 11 26
13 35 95
13 30 11
13 15 8
13 14 27
13 12 47
14 37 94
14 35 71
14 17 22
14 29 4
14 3 48
14 42 67
14 21 100
14 19 65
14 44 100
14 4 54
14 34 38
14 15 7
14 13 27
15 21 64
15 19 99
15 12 69
15 13 8
15 10 99
15 16 21
15 14 7
16 29 69
16 49 29
16 2 89
16 1 43
16 23 54
16 44 77
16 17 53
16 15 21
17 33 96
17 14 22
17 9 25
17 8 39
17 24 10
17 10 54
17 45 46
17 36 91
17 18 53
17 16 53
18 35 95
18 33 30
18 21 26
18 50 6
18 3 20
18 45 23
18 34 87
18 19 25
18 17 53
19 15 99
19 30 61
19 23 30
19 6 65
19 34 1
19 14 65
19 20 31
19 18 25
20 39 28
20 30 37
20 21 75
20 19 31
21 28 42
21 15 64
21 18 26
21 8 92
21 31 54
21 2 10
21 36 62
21 14 100
21 49 9
21 7 2
21 22 34
21 20 75
22 24 19
22 25 79
22 32 61
22 39 20
22 23 67
22 21 34
23 41 49
23 1 40
23 46 57
23 19 30
23 12 83
23 25 32
23 39 96
23 16 54
23 47 7
23 24 90
23 22 67
24 49 78
24 22 19
24 17 10
24 12 3
24 50 4
24 11 58
24 25 47
24 23 90
25 22 79
25 23 32
25 45 97
25 46 88
25 44 17
25 10 57
25 26 35
25 24 47
26 6 89
26 40 23
26 27 27
26 25 35
27 34 41
27 28 85
27 26 27
28 21 42
28 46 99
28 42 16
28 6 26
28 41 43
28 30 40
28 29 37
28 27 85
29 16 69
29 14 4
29 31 70
29 37 6
29 11 66
29 30 3
29 28 37
30 13 11
30 19 61
30 46 38
30 20 37
30 12 85
30 38 3
30 28 40
30 31 47
30 29 3
31 6 94
31 49 93
31 8 51
31 21 54
31 29 70
31 33 73
31 32 96
31 30 47
32 8 30
32 12 16
32 36 62
32 50 9
32 34 93
32 22 61
32 33 41
32 31 96
33 17 96
33 18 30
33 9 51
33 40 80
33 31 73
33 35 27
33 34 69
33 32 41
34 27 41
34 36 93
34 32 93
34 19 1
34 18 87
34 43 58
34 14 38
34 35 36
34 33 69
35 50 5
35 18 95
35 13 95
35 37 59
35 14 71
35 43 28
35 33 27
35 36 16
35 34 36
36 32 62
36 41 2
36 46 54
36 34 93
36 3 53
36 21 62
36 49 5
36 17 91
36 37 97
36 35 16
37 35 59
37 14 94
37 46 94
37 42 25
37 29 6
37 38 38
37 36 97
38 46 66
38 10 9
38 49 45
38 30 3
38 39 40
38 37 38
39 20 28
39 9 42
39 45 64
39 23 96
39 22 20
39 49 55
39 40 97
39 38 40
40 4 88
40 33 80
40 26 23
40 41 29
40 39 97
41 23 49
41 36 2
41 10 5
41 43 51
41 28 43
41 42 63
41 40 29
42 14 67
42 3 22
42 37 25
42 28 16
42 43 75
42 41 63
43 35 28
43 41 51
43 34 58
43 2 4
43 44 76
43 42 75
44 25 17
44 14 100
44 16 77
44 45 41
44 43 76
45 47 46
45 12 45
45 18 23
45 39 64
45 25 97
45 17 46
45 4 98
45 8 39
45 46 81
45 44 41
46 38 66
46 23 57
46 36 54
46 30 38
46 49 89
46 37 94
46 25 88
46 28 99
46 10 29
46 47 48
46 45 81
47 45 46
47 23 7
47 48 45
47 46 48
48 11 19
48 49 86
48 47 45
49 24 78
49 16 29
49 31 93
49 38 45
49 46 89
49 36 5
49 21 9
49 9 97
49 39 55
49 50 72
49 48 86
50 35 5
50 1 25
50 32 9
50 18 6
50 24 4
50 49 72
