30
1 Rastrear_satelite_pirata 28 9 20 28 3 30 21 7 14 12 6 2 0
2 Identificar_objetivo_secundario 45 17 30 18 8 26 19 27 12 3 0
3 Detener_ataque_cibernetico 11 14 5 20 21 13 16 30 25 11 4 0
4 Proteger_el_centro_neural 16 17 30 16 21 5 0
5 Proteger_testigo_vip 38 20 24 19 21 27 12 6 0
6 Interceptar_mensaje_enemigo 22 20 21 11 22 23 7 0
7 Neutralizar_amenaza 42 10 21 8 0
8 Recuperar_dispositivo 1 19 25 24 10 26 9 0
9 Asegurar_artefacto 16 29 27 10 0
10 Sabotear_instalacion 12 29 30 17 25 22 28 27 11 0
11 Recuperar_llave 25 24 16 12 0
12 Acceder_a_sistemas_seguridad 28 29 25 18 23 24 27 13 0
13 Extraer_codigo_fuente 38 22 15 28 23 19 25 14 0
14 Desmantelar_red_cibernetica 19 20 18 21 15 0
15 Anular_defensas_enemigas 18 22 28 21 25 19 16 0
16 Neutralizar_amenaza 25 23 29 22 27 17 0
17 Desactivar_artefacto 15 18 0
18 Recuperar_dispositivo 13 24 30 20 22 19 0
19 Acceder_red_inteligencia 39 21 24 20 0
20 Infiltrar_red_de_mandos 34 25 23 21 0
21 Extraer_codigo_fuente 25 24 22 0
22 Identificar_objetivo_secundario 50 26 24 28 23 0
23 Recuperar_dispositivo 18 26 24 0
24 Infiltrar_servidor_secreto 19 27 30 25 0
25 Infiltrarse_base_enemiga 33 26 0
26 Obtener_coordenadas_clave 18 30 27 0
27 Neutralizar_amenaza 39 29 28 0
28 Obtener_informacion_confidencial 9 29 0
29 Descifrar_codigos 38 30 0
30 Desactivar_la_Entidad 21 0
50 7
1 Montevideo
2 Nueva_York
3 Roma
4 Tokio
5 Moscu
6 Abu_Dhabi
7 Hong_Kong
8 Los_Angeles
9 Paris
10 Londres
11 Punta_del_Este
12 Salto
13 Rivera
14 Canelones
15 Colonia
16 Durazno
17 Paysandu
18 Maldonado
19 San_Pablo
20 Buenos_Aires
21 Barcelona
22 Madrid
23 Berlin
24 Amsterdam
25 Lisboa
26 Bruselas
27 Estocolmo
28 Copenhague
29 Helsinki
30 Varsovia
31 Atenas
32 El_Cairo
33 Sidney
34 Melbourne
35 Toronto
36 Vancouver
37 Ciudad_de_Mexico
38 Bogota
39 Santiago_de_Chile
40 Quito
41 Lima
42 Caracas
43 Brasilia
44 Ciudad_del_Cabo
45 Johannesburgo
46 Dubai
47 Singapur
48 Seul
49 Beijing
50 Bangkok
368
1 44 61
1 25 5
1 30 58
1 41 77
1 2 47
2 47 95
2 10 90
2 5 10
2 34 63
2 36 14
2 3 2
2 1 47
3 23 3
3 43 51
3 4 83
3 2 2
4 28 9
4 21 12
4 27 44
4 20 91
4 48 59
4 5 61
4 3 83
5 11 80
5 40 64
5 36 28
5 2 10
5 20 73
5 10 56
5 6 30
5 4 61
6 45 82
6 14 89
6 48 20
6 7 16
6 5 30
7 49 80
7 44 69
7 8 12
7 6 16
8 29 5
8 39 89
8 11 79
8 38 66
8 9 36
8 7 12
9 18 33
9 31 81
9 21 18
9 23 83
9 32 28
9 40 67
9 10 16
9 8 36
10 2 90
10 36 78
10 5 56
10 11 70
10 9 16
11 5 80
11 34 48
11 24 19
11 8 79
11 32 93
11 35 43
11 41 99
11 26 92
11 25 18
11 12 99
11 10 70
12 27 65
12 16 82
12 44 32
12 45 45
12 40 76
12 13 9
12 11 99
13 40 87
13 14 11
13 12 9
14 20 53
14 6 89
14 42 80
14 15 43
14 13 11
15 17 64
15 48 90
15 27 53
15 16 8
15 14 43
16 49 4
16 12 82
16 24 44
16 42 85
16 30 88
16 17 27
16 15 8
17 15 64
17 36 18
17 24 44
17 21 30
17 18 65
17 16 27
18 44 23
18 9 33
18 37 92
18 42 95
18 35 34
18 19 47
18 17 65
19 24 10
19 36 50
19 30 89
19 20 94
19 18 47
20 14 53
20 31 64
20 37 86
20 5 73
20 4 91
20 39 31
20 21 20
20 19 94
21 9 18
21 4 12
21 17 30
21 22 31
21 20 20
22 28 59
22 45 3
22 25 35
22 46 92
22 39 73
22 23 51
22 21 31
23 9 83
23 3 3
23 29 19
23 48 70
23 31 41
23 24 100
23 22 51
24 26 33
24 46 79
24 16 44
24 11 19
24 19 10
24 42 82
24 50 10
24 33 84
24 17 44
24 25 14
24 23 100
25 45 13
25 22 35
25 47 19
25 32 52
25 1 5
25 33 96
25 11 18
25 26 68
25 24 14
26 24 33
26 45 26
26 38 95
26 29 54
26 50 98
26 11 92
26 27 61
26 25 68
27 12 65
27 40 20
27 4 44
27 44 5
27 15 53
27 41 49
27 28 54
27 26 61
28 22 59
28 44 72
28 4 9
28 48 6
28 31 91
28 39 5
28 30 40
28 49 95
28 29 19
28 27 54
29 8 5
29 32 34
29 35 4
29 46 83
29 23 19
29 26 54
29 44 8
29 30 97
29 28 19
30 37 46
30 28 40
30 1 58
30 41 85
30 16 88
30 19 89
30 31 18
30 29 97
31 20 64
31 9 81
31 33 23
31 40 55
31 48 4
31 28 91
31 45 79
31 23 41
31 32 69
31 30 18
32 29 34
32 9 28
32 47 11
32 40 9
32 11 93
32 25 52
32 37 19
32 41 18
32 34 65
32 33 43
32 31 69
33 31 23
33 36 68
33 39 57
33 24 84
33 38 55
33 25 96
33 34 71
33 32 43
34 46 88
34 11 48
34 2 63
34 32 65
34 35 52
34 33 71
35 38 4
35 29 4
35 11 43
35 49 33
35 18 34
35 36 55
35 34 52
36 17 18
36 38 12
36 5 28
36 39 79
36 33 68
36 10 78
36 2 14
36 19 50
36 37 1
36 35 55
37 30 46
37 49 16
37 41 81
37 20 86
37 18 92
37 32 19
37 38 67
37 36 1
38 35 4
38 36 12
38 41 65
38 26 95
38 8 66
38 33 55
38 39 19
38 37 67
39 41 74
39 8 89
39 28 5
39 36 79
39 33 57
39 22 73
39 20 31
39 40 88
39 38 19
40 43 10
40 48 2
40 27 20
40 31 55
40 32 9
40 5 64
40 9 67
40 13 87
40 12 76
40 41 34
40 39 88
41 39 74
41 37 81
41 38 65
41 11 99
41 32 18
41 49 89
41 30 85
41 1 77
41 27 49
41 42 40
41 40 34
42 44 70
42 14 80
42 24 82
42 18 95
42 16 85
42 43 86
42 41 40
43 40 10
43 3 51
43 49 28
43 44 42
43 42 86
44 1 61
44 18 23
44 42 70
44 28 72
44 7 69
44 12 32
44 27 5
44 29 8
44 45 50
44 43 42
45 25 13
45 6 82
45 22 3
45 26 26
45 12 45
45 31 79
45 46 80
45 44 50
46 24 79
46 34 88
46 22 92
46 29 83
46 49 81
46 47 2
46 45 80
47 32 11
47 2 95
47 25 19
47 48 28
47 46 2
48 40 2
48 28 6
48 31 4
48 15 90
48 23 70
48 6 20
48 4 59
48 49 96
48 47 28
49 16 4
49 37 16
49 7 80
49 46 81
49 41 89
49 28 95
49 35 33
49 43 28
49 50 48
49 48 96
50 24 10
50 26 98
50 49 48
