50
1 Interceptar_comunicaciones 3 14 6 11 5 17 32 45 33 2 0
2 Infiltrarse_grupo 27 20 11 39 42 30 15 26 21 4 35 34 27 49 6 44 16 32 22 41 3 0
3 Obtener_informacion_confidencial 9 48 39 23 41 38 10 6 16 26 40 17 4 0
4 Interceptar_mensaje_enemigo 27 7 42 43 26 35 24 22 30 39 45 44 6 18 48 15 17 16 31 32 5 0
5 Rastrear_satelite_pirata 7 35 12 31 41 14 40 18 33 34 22 25 19 6 0
6 Localizar_articulo_roto 28 10 24 47 45 12 41 49 40 15 34 44 11 7 0
7 Recolectar_evidencias 17 27 11 9 36 20 31 47 50 8 0
8 Cortar_comunicaciones_enemigas 47 12 20 36 27 39 40 41 9 0
9 Descubrir_identidad_de_infiltrados 39 47 18 16 21 32 24 40 50 49 10 0
10 Proteger_emisarios 50 46 41 14 37 26 12 21 34 28 31 11 0
11 Interceptar_mensaje_enemigo 28 36 17 35 21 28 43 40 49 12 0
12 Impedir_sabotaje_inminente 15 40 21 26 49 15 41 27 16 25 44 36 22 13 0
13 Descubrir_identidad_de_infiltrados 5 39 15 33 42 24 49 38 45 35 47 21 14 0
14 Acceder_red_inteligencia 15 32 31 49 20 46 22 45 40 36 29 15 0
15 Obtener_informacion_confidencial 43 47 33 31 34 20 16 0
16 Descubrir_identidad_de_infiltrados 34 33 25 34 17 0
17 Proteger_informante 38 35 28 43 27 42 36 45 19 48 23 24 18 0
18 Eliminar_trazabilidad_de_mision 12 36 35 33 40 42 45 21 19 0
19 Saboteo_interno 3 23 43 34 22 48 33 21 35 39 42 20 0
20 Interceptar_comunicaciones 43 31 38 30 39 23 47 37 34 42 44 46 21 0
21 Infiltrar_red_de_mandos 14 48 37 28 29 44 35 23 41 32 22 0
22 Neutralizar_amenaza 24 28 47 29 24 34 33 23 0
23 Cortar_comunicaciones_enemigas 18 38 30 39 25 35 31 32 24 0
24 Descifrar_codigos 6 48 37 46 27 26 42 25 0
25 Recolectar_evidencias 47 47 48 50 36 41 33 31 26 0
26 Acceder_a_sistemas_seguridad 16 45 44 39 29 50 48 36 38 27 0
27 Neutralizar_vehiculo 35 31 37 34 29 39 45 32 42 50 28 0
28 Establecer_contacto_confidencial 37 48 36 40 34 38 49 42 46 35 29 0
29 Proteger_testigo_vip 15 37 42 32 44 46 35 36 45 49 31 38 30 0
30 Localizar_articulo_roto 1 47 40 37 32 31 0
31 Proteger_el_centro_neural 21 43 49 39 46 40 32 0
32 Establecer_contacto_confidencial 4 47 38 33 0
33 Infiltrar_red_de_mandos 50 39 41 50 48 34 0
34 Liberar_informacion 5 42 49 37 44 35 0
35 Recuperar_datos_sensibles 5 48 39 36 0
36 Obtener_informacion_confidencial 15 47 49 50 38 45 37 0
37 Anular_defensas_enemigas 21 42 48 38 0
38 Impedir_sabotaje_inminente 49 48 47 50 46 39 0
39 Rastrear_satelite_pirata 11 44 40 0
40 Recuperar_acceso_sistema_critico 45 44 43 41 0
41 Recuperar_dispositivo 13 42 0
42 Acceder_red_inteligencia 34 49 43 0
43 Rastrear_satelite_pirata 42 45 44 0
44 Infiltrar_red_de_mandos 40 46 50 45 0
45 Detener_ataque_cibernetico 25 47 46 0
46 Extraer_codigo_fuente 12 48 47 0
47 Infiltrarse_grupo 27 50 48 0
48 Proteger_sede_FMI 7 50 49 0
49 Interceptar_transmision_secreta 35 50 0
50 Desactivar_la_Entidad 31 0
50 39
1 Montevideo
2 Nueva_York
3 Roma
4 Tokio
5 Moscu
6 Abu_Dhabi
7 Hong_Kong
8 Los_Angeles
9 Paris
10 Londres
11 Punta_del_Este
12 Salto
13 Rivera
14 Canelones
15 Colonia
16 Durazno
17 Paysandu
18 Maldonado
19 San_Pablo
20 Buenos_Aires
21 Barcelona
22 Madrid
23 Berlin
24 Amsterdam
25 Lisboa
26 Bruselas
27 Estocolmo
28 Copenhague
29 Helsinki
30 Varsovia
31 Atenas
32 El_Cairo
33 Sidney
34 Melbourne
35 Toronto
36 Vancouver
37 Ciudad_de_Mexico
38 Bogota
39 Santiago_de_Chile
40 Quito
41 Lima
42 Caracas
43 Brasilia
44 Ciudad_del_Cabo
45 Johannesburgo
46 Dubai
47 Singapur
48 Seul
49 Beijing
50 Bangkok
368
1 14 72
1 13 45
1 22 96
1 26 11
1 32 53
1 2 94
2 27 5
2 23 87
2 49 52
2 4 28
2 41 50
2 3 58
2 1 94
3 37 87
3 12 40
3 4 56
3 2 58
4 9 25
4 27 6
4 2 28
4 29 58
4 39 57
4 50 15
4 5 84
4 3 56
5 50 76
5 10 40
5 13 89
5 33 76
5 36 84
5 6 58
5 4 84
6 43 26
6 44 10
6 35 36
6 7 76
6 5 58
7 43 60
7 19 33
7 8 1
7 6 76
8 15 37
8 45 5
8 11 86
8 9 91
8 7 1
9 4 25
9 43 30
9 45 90
9 23 8
9 31 45
9 21 70
9 10 30
9 8 91
10 35 46
10 36 28
10 44 60
10 5 40
10 24 63
10 11 88
10 9 30
11 40 63
11 39 46
11 22 100
11 8 86
11 50 70
11 12 90
11 10 88
12 38 66
12 41 23
12 36 85
12 44 67
12 19 91
12 30 43
12 39 52
12 34 17
12 3 40
12 13 59
12 11 90
13 18 73
13 25 72
13 5 89
13 1 45
13 38 91
13 29 30
13 14 68
13 12 59
14 45 53
14 24 10
14 49 50
14 20 5
14 33 54
14 1 72
14 29 42
14 15 57
14 13 68
15 8 37
15 26 13
15 22 33
15 31 60
15 39 84
15 24 88
15 33 40
15 34 42
15 16 65
15 14 57
16 45 76
16 29 75
16 37 70
16 22 39
16 41 88
16 17 91
16 15 65
17 41 34
17 45 43
17 23 64
17 26 63
17 18 28
17 16 91
18 13 73
18 41 77
18 19 45
18 17 28
19 37 49
19 50 64
19 12 91
19 26 90
19 7 33
19 20 79
19 18 45
20 14 5
20 46 100
20 21 52
20 19 79
21 35 20
21 26 10
21 36 56
21 25 75
21 44 61
21 45 13
21 49 25
21 9 70
21 22 6
21 20 52
22 30 87
22 34 30
22 15 33
22 16 39
22 11 100
22 44 9
22 1 96
22 23 97
22 21 6
23 2 87
23 42 86
23 17 64
23 36 50
23 9 8
23 33 15
23 37 95
23 48 24
23 24 89
23 22 97
24 14 10
24 10 63
24 15 88
24 25 9
24 23 89
25 32 21
25 13 72
25 40 79
25 21 75
25 34 25
25 31 44
25 26 74
25 24 9
26 37 74
26 15 13
26 31 36
26 35 36
26 21 10
26 33 24
26 46 38
26 19 90
26 1 11
26 50 53
26 45 96
26 17 63
26 27 67
26 25 74
27 2 5
27 40 57
27 4 6
27 38 68
27 28 96
27 26 67
28 46 64
28 48 84
28 29 40
28 27 96
29 16 75
29 36 12
29 4 58
29 13 30
29 14 42
29 30 93
29 28 40
30 46 54
30 22 87
30 12 43
30 31 18
30 29 93
31 26 36
31 15 60
31 37 40
31 44 82
31 41 34
31 9 45
31 25 44
31 32 78
31 30 18
32 25 21
32 46 16
32 1 53
32 33 38
32 31 78
33 44 23
33 43 42
33 14 54
33 36 54
33 42 59
33 26 24
33 15 40
33 5 76
33 23 15
33 34 28
33 32 38
34 22 30
34 25 25
34 12 17
34 15 42
34 35 33
34 33 28
35 10 46
35 6 36
35 21 20
35 26 36
35 41 8
35 36 21
35 34 33
36 29 12
36 10 28
36 12 85
36 33 54
36 21 56
36 47 80
36 40 45
36 23 50
36 46 7
36 5 84
36 37 37
36 35 21
37 26 74
37 3 87
37 19 49
37 16 70
37 47 73
37 31 40
37 46 67
37 23 95
37 38 61
37 36 37
38 12 66
38 44 38
38 46 34
38 13 91
38 27 68
38 39 22
38 37 61
39 11 46
39 15 84
39 12 52
39 4 57
39 40 27
39 38 22
40 11 63
40 27 57
40 25 79
40 36 45
40 41 90
40 39 27
41 17 34
41 12 23
41 45 89
41 35 8
41 16 88
41 31 34
41 2 50
41 46 58
41 18 77
41 42 9
41 40 90
42 23 86
42 33 59
42 50 39
42 43 68
42 41 9
43 9 30
43 6 26
43 33 42
43 7 60
43 48 75
43 44 48
43 42 68
44 38 38
44 33 23
44 6 10
44 10 60
44 12 67
44 21 61
44 49 52
44 22 9
44 31 82
44 45 29
44 43 48
45 14 53
45 16 76
45 17 43
45 9 90
45 41 89
45 8 5
45 21 13
45 26 96
45 46 24
45 44 29
46 30 54
46 28 64
46 38 34
46 32 16
46 20 100
46 26 38
46 36 7
46 41 58
46 37 67
46 47 13
46 45 24
47 36 80
47 37 73
47 48 71
47 46 13
48 28 84
48 23 24
48 43 75
48 49 51
48 47 71
49 2 52
49 14 50
49 44 52
49 21 25
49 50 57
49 48 51
50 5 76
50 19 64
50 42 39
50 11 70
50 26 53
50 4 15
50 49 57
