100
1 Montevideo
2 Nueva_York
3 Roma
4 Tokio
5 Moscu
6 Abu_Dhabi_South
7 Hong_Kong
8 Los_Angeles
9 Paris
10 Londres
11 Punta_del_Este
12 Salto
13 Rivera
14 Canelones
15 Colonia
16 Durazno
17 Paysandu
18 Maldonado
19 San_Pablo
20 Buenos_Aires
21 Barcelona
22 Madrid
23 Berlin
24 Amsterdam
25 Lisboa
26 Bruselas
27 Estocolmo
28 Copenhague
29 Helsinki
30 Varsovia_Vieja
31 Atenas
32 El_Cairo
33 Sidney
34 Melbourne
35 Toronto
36 Vancouver
37 Ciudad_de_Mexico
38 Bogota
39 Santiago_de_Chile
40 Quito
41 Lima
42 Caracas
43 Brasilia
44 Ciudad_del_Cabo
45 Johannesburgo
46 Dubai
47 Singapur
48 Seul
49 Beijing
50 Bangkok
51 Estambul
52 Dublin
53 Edimburgo
54 Reikiavik
55 Praga
56 Viena
57 Zurich
58 Ginebra
59 Monaco
60 Luxemburgo
61 Varsovia_Nueva
62 Cracovia
63 Bratislava
64 Liubliana
65 Sarajevo
66 Zagreb
67 Belgrado
68 Budapest
69 Sofia
70 Bucarest
71 Chisinau
72 Kiev
73 Minsk
74 Vilna
75 Riga
76 Tallin
77 Oslo
78 Ciudad_del_Vaticano
79 Salinas
80 San_Petersburgo
81 Murmansk
82 Kaliningrado
83 Ekaterimburgo
84 Novosibirsk
85 Omsk
86 Irkutsk
87 Vladivostok
88 Almaty
89 Astana
90 Tashkent
91 Carrasco
92 Pocitos
93 Malvin
94 Erevan
95 Baku
96 Tbilisi
97 Ankara
98 Teheran
99 Bagdad
100 Damasco
5
32
98
55
1485
1 8 90
1 50 67
1 40 94
1 33 63
1 90 36
1 67 42
1 27 62
1 99 70
1 34 9
1 46 50
1 41 64
1 28 34
1 86 6
1 14 77
1 3 52
1 16 23
1 82 88
1 87 24
1 83 39
1 24 58
1 68 18
1 91 62
1 29 30
1 42 27
1 31 5
1 2 80
2 99 12
2 34 19
2 37 15
2 56 88
2 25 63
2 91 99
2 90 48
2 50 81
2 45 63
2 55 52
2 43 42
2 81 87
2 33 17
2 96 96
2 92 54
2 7 78
2 18 48
2 82 74
2 87 14
2 11 52
2 14 9
2 84 23
2 58 72
2 54 75
2 3 37
3 26 41
3 67 57
3 29 79
3 99 73
3 55 72
3 49 46
3 62 8
3 52 62
3 75 60
3 35 73
3 80 31
3 59 12
3 66 82
3 94 24
3 12 76
3 47 58
3 77 85
3 63 4
3 92 48
3 53 88
3 90 62
3 21 77
3 50 98
3 32 18
3 68 19
3 10 15
3 60 20
3 4 8
4 69 13
4 23 15
4 27 89
4 40 5
4 32 44
4 62 53
4 51 73
4 59 29
4 75 56
4 35 41
4 43 72
4 47 48
4 25 45
4 73 48
4 19 23
4 87 42
4 86 48
4 91 23
4 64 95
4 11 100
4 89 38
4 82 92
4 90 100
4 78 24
4 50 78
4 58 38
4 79 91
4 61 46
4 36 97
4 9 44
4 98 60
4 5 15
5 61 53
5 28 71
5 91 37
5 67 50
5 23 27
5 86 67
5 89 98
5 69 84
5 53 22
5 84 73
5 100 19
5 63 11
5 88 37
5 80 22
5 77 62
5 35 99
5 87 52
5 96 26
5 98 13
5 26 41
5 11 59
5 65 93
5 30 58
5 47 10
5 56 94
5 25 85
5 64 63
5 6 97
6 83 95
6 16 6
6 95 5
6 18 36
6 98 30
6 73 85
6 64 25
6 14 48
6 40 83
6 48 35
6 62 47
6 76 7
6 46 64
6 27 87
6 75 90
6 38 64
6 13 56
6 71 90
6 57 13
6 78 69
6 55 40
6 94 23
6 31 21
6 15 14
6 26 94
6 12 99
6 93 48
6 7 79
7 77 81
7 59 44
7 98 43
7 30 21
7 63 50
7 40 58
7 53 59
7 48 30
7 67 62
7 100 8
7 20 75
7 99 46
7 61 26
7 39 69
7 57 42
7 9 83
7 35 87
7 29 36
7 81 25
7 37 35
7 46 52
7 84 72
7 75 15
7 8 38
8 48 27
8 81 86
8 66 96
8 74 74
8 91 38
8 94 30
8 21 60
8 32 99
8 10 2
8 11 36
8 28 51
8 54 53
8 62 57
8 15 27
8 64 17
8 56 24
8 75 82
8 44 33
8 9 51
9 57 47
9 42 21
9 90 5
9 59 36
9 29 3
9 46 45
9 53 86
9 88 47
9 87 80
9 76 84
9 58 36
9 82 60
9 30 79
9 74 89
9 71 94
9 70 95
9 65 42
9 23 61
9 68 86
9 54 86
9 27 59
9 64 41
9 55 74
9 19 62
9 96 13
9 85 99
9 80 75
9 10 29
10 70 68
10 18 56
10 57 92
10 12 83
10 48 66
10 83 3
10 63 93
10 71 55
10 40 77
10 66 33
10 88 28
10 59 24
10 37 23
10 17 81
10 49 36
10 42 20
10 19 51
10 46 6
10 29 83
10 23 71
10 69 69
10 55 9
10 32 69
10 52 93
10 85 65
10 82 60
10 58 35
10 11 56
11 38 30
11 43 30
11 57 91
11 63 73
11 80 89
11 79 27
11 22 53
11 46 73
11 36 50
11 39 33
11 64 6
11 65 88
11 13 5
11 37 14
11 90 15
11 27 30
11 28 73
11 12 86
12 96 24
12 24 17
12 76 33
12 100 63
12 86 87
12 71 88
12 27 47
12 61 37
12 28 10
12 36 9
12 43 89
12 15 37
12 57 62
12 83 25
12 85 42
12 53 9
12 39 41
12 68 48
12 13 27
13 69 92
13 71 47
13 38 99
13 43 98
13 44 26
13 22 9
13 97 14
13 21 47
13 88 28
13 89 84
13 57 69
13 66 77
13 94 90
13 81 4
13 28 89
13 72 94
13 34 80
13 86 42
13 40 29
13 73 76
13 26 2
13 25 28
13 68 56
13 14 92
14 29 85
14 46 12
14 61 76
14 87 75
14 79 65
14 22 12
14 86 50
14 90 83
14 76 100
14 25 61
14 70 54
14 82 94
14 18 31
14 32 99
14 24 90
14 73 80
14 49 22
14 54 68
14 48 88
14 20 36
14 35 79
14 17 11
14 99 46
14 75 45
14 57 87
14 15 79
15 53 51
15 96 35
15 86 64
15 79 82
15 98 91
15 23 37
15 74 55
15 73 90
15 95 50
15 44 75
15 57 34
15 55 98
15 24 85
15 90 100
15 62 38
15 34 56
15 49 88
15 54 78
15 30 81
15 97 22
15 92 100
15 100 88
15 65 60
15 99 98
15 22 55
15 36 3
15 94 55
15 46 48
15 16 24
16 83 87
16 52 1
16 24 17
16 56 52
16 77 17
16 78 78
16 28 96
16 48 9
16 33 81
16 80 52
16 97 68
16 57 22
16 58 85
16 36 30
16 59 9
16 18 14
16 70 81
16 85 9
16 22 57
16 53 56
16 68 21
16 71 43
16 17 93
17 34 55
17 44 29
17 68 51
17 91 51
17 86 46
17 90 16
17 77 59
17 93 95
17 54 84
17 60 85
17 94 61
17 39 25
17 28 64
17 96 63
17 46 56
17 59 50
17 97 30
17 23 43
17 81 73
17 65 65
17 92 34
17 58 76
17 19 31
17 30 22
17 18 38
18 32 45
18 49 80
18 61 99
18 47 45
18 79 78
18 74 38
18 30 94
18 55 20
18 41 77
18 65 14
18 84 1
18 81 43
18 57 41
18 67 62
18 99 98
18 89 21
18 48 70
18 70 16
18 54 86
18 94 91
18 100 29
18 19 5
19 26 45
19 73 90
19 88 90
19 39 88
19 72 37
19 83 82
19 63 11
19 55 16
19 76 56
19 87 90
19 85 21
19 54 15
19 95 53
19 86 82
19 74 72
19 89 15
19 51 6
19 53 13
19 57 82
19 75 4
19 94 99
19 21 76
19 100 32
19 25 32
19 20 74
20 82 27
20 64 9
20 49 79
20 95 76
20 87 56
20 86 89
20 93 56
20 92 73
20 28 68
20 31 55
20 91 59
20 26 22
20 80 71
20 100 9
20 81 28
20 48 51
20 27 50
20 66 62
20 34 82
20 43 98
20 46 33
20 76 96
20 33 10
20 51 58
20 45 73
20 89 10
20 21 95
21 98 56
21 38 84
21 28 66
21 57 78
21 42 100
21 93 80
21 52 20
21 71 74
21 80 76
21 63 21
21 59 24
21 60 13
21 79 22
21 46 46
21 53 75
21 29 59
21 99 14
21 40 49
21 22 27
22 96 39
22 53 27
22 87 44
22 79 72
22 97 87
22 98 74
22 62 35
22 25 64
22 30 67
22 27 44
22 69 86
22 46 68
22 71 68
22 26 42
22 99 15
22 85 13
22 37 54
22 52 57
22 42 73
22 84 74
22 100 86
22 45 67
22 76 29
22 59 52
22 89 35
22 73 24
22 23 78
23 63 75
23 39 68
23 87 8
23 45 75
23 43 100
23 30 41
23 51 98
23 56 91
23 60 32
23 83 27
23 49 40
23 89 86
23 77 2
23 37 2
23 32 14
23 35 29
23 47 72
23 88 7
23 90 43
23 24 85
24 48 22
24 26 23
24 82 41
24 85 16
24 91 62
24 96 25
24 43 28
24 93 22
24 71 24
24 87 71
24 83 73
24 76 15
24 63 100
24 31 12
24 75 72
24 98 22
24 55 71
24 84 77
24 94 62
24 25 28
25 57 58
25 42 99
25 40 79
25 49 19
25 66 48
25 94 95
25 34 99
25 43 8
25 71 69
25 55 72
25 78 8
25 87 66
25 90 58
25 77 46
25 30 65
25 81 41
25 33 57
25 83 41
25 45 38
25 67 62
25 53 87
25 68 13
25 84 1
25 26 41
26 99 83
26 42 10
26 60 30
26 44 50
26 78 36
26 28 66
26 55 74
26 80 16
26 85 82
26 84 13
26 29 10
26 58 99
26 94 33
26 63 97
26 32 31
26 77 43
26 75 22
26 57 31
26 90 78
26 27 3
27 36 23
27 82 5
27 56 73
27 61 73
27 29 6
27 68 1
27 34 37
27 78 2
27 48 97
27 63 74
27 64 64
27 73 95
27 86 70
27 37 2
27 57 84
27 44 25
27 45 3
27 81 97
27 32 59
27 52 14
27 33 14
27 50 11
27 35 26
27 96 37
27 85 80
27 58 96
27 28 18
28 57 34
28 33 70
28 41 42
28 62 67
28 61 77
28 35 24
28 65 61
28 96 79
28 97 54
28 58 58
28 32 15
28 93 16
28 77 15
28 89 93
28 71 5
28 81 56
28 95 53
28 49 98
28 45 68
28 87 42
28 29 36
29 96 98
29 87 97
29 72 57
29 41 38
29 33 41
29 46 52
29 93 23
29 55 28
29 97 74
29 43 20
29 79 32
29 52 47
29 67 71
29 34 88
29 42 37
29 40 80
29 82 62
29 56 71
29 88 55
29 50 36
29 31 36
29 30 11
30 91 35
30 49 20
30 65 39
30 42 82
30 94 83
30 35 18
30 57 44
30 39 33
30 60 100
30 78 73
30 36 90
30 34 35
30 70 4
30 73 35
30 38 94
30 53 72
30 51 1
30 37 1
30 98 98
30 90 20
30 62 65
30 96 92
30 52 72
30 61 9
30 63 42
30 31 78
31 98 56
31 89 76
31 75 23
31 58 73
31 46 5
31 37 84
31 79 77
31 100 83
31 69 90
31 44 38
31 43 53
31 56 42
31 54 65
31 71 27
31 83 35
31 94 15
31 95 17
31 66 63
31 32 35
32 55 62
32 98 64
32 59 98
32 80 73
32 40 24
32 45 76
32 58 90
32 89 51
32 68 93
32 62 82
32 48 71
32 60 59
32 56 13
32 94 28
32 73 20
32 87 54
32 86 88
32 75 41
32 57 100
32 81 70
32 44 59
32 43 35
32 100 25
32 33 90
33 71 12
33 52 27
33 54 97
33 49 40
33 72 95
33 56 40
33 59 79
33 80 7
33 97 2
33 67 57
33 50 38
33 48 61
33 66 16
33 35 3
33 41 32
33 87 34
33 39 53
33 34 66
34 76 79
34 42 52
34 70 24
34 59 86
34 50 80
34 80 24
34 84 75
34 57 40
34 75 31
34 46 52
34 99 95
34 83 96
34 43 40
34 51 34
34 87 96
34 88 40
34 74 83
34 35 94
35 99 57
35 61 72
35 53 24
35 44 36
35 57 21
35 91 96
35 48 65
35 72 69
35 79 56
35 92 6
35 97 88
35 64 65
35 40 87
35 50 72
35 63 91
35 51 47
35 36 56
36 92 59
36 96 91
36 56 79
36 74 57
36 84 38
36 80 65
36 58 88
36 79 37
36 53 23
36 68 41
36 50 41
36 46 52
36 69 31
36 85 83
36 49 82
36 38 7
36 86 94
36 83 39
36 93 92
36 52 55
36 61 88
36 75 6
36 37 14
37 55 91
37 62 24
37 61 97
37 73 30
37 95 80
37 100 2
37 65 52
37 40 7
37 92 5
37 49 34
37 87 14
37 86 36
37 99 67
37 77 75
37 44 43
37 84 3
37 79 8
37 38 72
38 86 33
38 71 82
38 82 91
38 64 49
38 94 12
38 68 30
38 56 93
38 79 48
38 97 84
38 61 33
38 48 91
38 44 47
38 58 70
38 67 80
38 81 48
38 49 82
38 40 79
38 63 30
38 66 80
38 69 22
38 95 70
38 42 56
38 78 56
38 76 12
38 39 46
39 85 53
39 75 30
39 76 4
39 67 33
39 57 76
39 60 4
39 74 5
39 52 55
39 45 3
39 83 51
39 86 83
39 96 98
39 51 87
39 88 29
39 79 64
39 90 85
39 68 52
39 49 50
39 46 93
39 56 15
39 99 47
39 63 9
39 98 75
39 40 65
40 65 83
40 52 10
40 48 8
40 43 46
40 96 57
40 50 3
40 82 100
40 57 27
40 67 45
40 92 77
40 42 72
40 75 66
40 63 22
40 98 82
40 71 57
40 59 45
40 86 50
40 41 53
41 92 61
41 89 59
41 78 31
41 62 32
41 49 16
41 97 79
41 84 96
41 58 13
41 63 60
41 64 82
41 90 39
41 74 65
41 43 65
41 60 20
41 52 10
41 76 13
41 42 1
42 52 52
42 62 10
42 80 19
42 57 57
42 63 95
42 73 49
42 69 27
42 58 75
42 56 38
42 76 64
42 74 5
42 45 31
42 91 78
42 55 36
42 81 3
42 84 18
42 65 39
42 93 32
42 43 2
43 55 56
43 86 34
43 95 23
43 99 67
43 89 37
43 98 52
43 84 3
43 59 13
43 63 19
43 74 65
43 62 28
43 52 14
43 61 100
43 68 67
43 50 23
43 60 40
43 73 55
43 78 73
43 44 79
44 63 14
44 56 79
44 73 82
44 61 80
44 53 88
44 74 18
44 57 18
44 52 46
44 51 38
44 55 95
44 82 40
44 84 23
44 58 39
44 45 93
45 72 94
45 55 30
45 97 86
45 87 12
45 74 42
45 82 66
45 60 97
45 51 62
45 50 93
45 94 70
45 62 96
45 84 29
45 78 2
45 70 99
45 69 90
45 46 81
46 80 17
46 54 36
46 84 83
46 64 39
46 67 99
46 78 99
46 48 79
46 97 29
46 72 63
46 52 68
46 63 36
46 86 43
46 75 30
46 47 55
47 98 45
47 77 61
47 66 98
47 56 62
47 89 46
47 50 64
47 71 37
47 94 75
47 90 33
47 67 69
47 79 99
47 83 87
47 53 100
47 51 33
47 86 14
47 75 38
47 48 37
48 94 13
48 54 33
48 75 64
48 53 91
48 73 89
48 100 47
48 79 19
48 59 35
48 93 62
48 98 85
48 63 91
48 62 33
48 65 81
48 74 40
48 69 42
48 71 86
48 99 60
48 84 78
48 77 13
48 68 62
48 60 47
48 49 18
49 51 47
49 77 64
49 65 85
49 93 28
49 71 90
49 97 47
49 52 78
49 57 20
49 83 100
49 94 26
49 75 98
49 50 59
50 80 6
50 94 66
50 93 57
50 76 31
50 88 78
50 68 62
50 75 85
50 67 100
50 89 28
50 96 13
50 78 33
50 71 18
50 70 55
50 73 16
50 84 92
50 90 85
50 79 1
50 82 45
50 51 11
51 81 78
51 93 6
51 77 19
51 64 3
51 63 23
51 83 46
51 69 68
51 95 74
51 79 20
51 65 96
51 89 29
51 54 36
51 52 12
52 84 53
52 79 28
52 62 100
52 61 59
52 71 100
52 83 71
52 73 55
52 94 93
52 89 96
52 67 88
52 66 38
52 57 21
52 68 29
52 87 44
52 98 87
52 53 85
53 67 37
53 84 11
53 70 78
53 98 2
53 75 3
53 99 21
53 79 16
53 72 13
53 82 56
53 94 49
53 57 36
53 55 42
53 74 98
53 78 53
53 54 88
54 82 20
54 89 33
54 95 23
54 90 89
54 94 66
54 71 100
54 79 73
54 69 58
54 78 92
54 88 79
54 63 41
54 93 27
54 83 65
54 85 80
54 66 1
54 55 49
55 60 2
55 69 80
55 81 80
55 78 50
55 80 35
55 68 88
55 83 72
55 87 47
55 56 64
56 62 51
56 90 90
56 83 50
56 64 36
56 68 66
56 98 97
56 75 79
56 92 79
56 91 10
56 86 52
56 74 91
56 57 80
57 100 29
57 78 79
57 69 81
57 76 6
57 64 91
57 72 78
57 60 16
57 67 32
57 95 22
57 63 82
57 88 78
57 73 7
57 96 41
57 91 4
57 85 97
57 58 3
58 100 53
58 68 87
58 62 13
58 67 55
58 75 88
58 96 69
58 66 75
58 64 72
58 73 5
58 81 48
58 59 81
59 66 96
59 77 69
59 71 96
59 93 42
59 80 51
59 95 66
59 94 76
59 60 15
60 66 28
60 78 16
60 70 41
60 75 4
60 80 74
60 71 13
60 89 60
60 74 43
60 76 64
60 95 1
60 61 13
61 81 61
61 67 24
61 97 36
61 98 8
61 75 46
61 94 25
61 89 59
61 96 44
61 88 99
61 74 65
61 72 15
61 63 3
61 64 87
61 87 60
61 79 93
61 62 11
62 80 40
62 65 80
62 86 73
62 96 45
62 78 88
62 79 80
62 77 21
62 95 48
62 73 8
62 74 75
62 84 63
62 63 1
63 90 18
63 95 85
63 93 6
63 91 90
63 78 52
63 68 59
63 99 39
63 84 74
63 88 24
63 100 100
63 71 5
63 86 59
63 64 55
64 75 95
64 91 15
64 85 8
64 98 10
64 67 64
64 96 50
64 65 76
65 90 86
65 80 43
65 89 58
65 73 94
65 98 38
65 84 76
65 93 18
65 88 46
65 66 46
66 74 21
66 84 93
66 69 26
66 97 49
66 78 94
66 76 49
66 96 20
66 90 73
66 73 12
66 80 81
66 89 28
66 67 62
67 70 43
67 86 12
67 80 19
67 92 90
67 94 18
67 73 61
67 99 63
67 90 22
67 82 23
67 74 42
67 68 90
68 92 94
68 73 57
68 79 46
68 89 47
68 81 60
68 86 27
68 69 18
69 75 99
69 79 81
69 88 42
69 92 15
69 97 86
69 77 94
69 98 10
69 72 15
69 91 94
69 89 78
69 70 7
70 77 82
70 99 66
70 88 97
70 97 26
70 85 83
70 72 51
70 96 14
70 82 58
70 71 6
71 97 75
71 98 51
71 96 9
71 93 61
71 88 48
71 90 82
71 73 53
71 75 27
71 99 52
71 72 22
72 76 55
72 80 13
72 75 45
72 83 84
72 77 5
72 93 38
72 74 74
72 73 8
73 81 58
73 87 96
73 95 23
73 93 12
73 98 53
73 91 24
73 89 95
73 97 78
73 92 3
73 74 7
74 88 7
74 81 28
74 97 54
74 93 90
74 84 21
74 91 61
74 82 41
74 78 3
74 75 52
75 77 65
75 92 37
75 94 65
75 76 52
76 99 58
76 96 64
76 91 22
76 84 82
76 79 45
76 95 84
76 87 43
76 77 87
77 98 34
77 100 64
77 90 50
77 95 26
77 97 27
77 78 6
78 96 23
78 91 38
78 85 94
78 100 97
78 92 22
78 79 88
79 86 88
79 83 12
79 100 50
79 97 34
79 92 85
79 89 91
79 80 57
80 100 52
80 94 27
80 99 76
80 86 45
80 96 92
80 84 68
80 81 64
81 99 60
81 86 73
81 100 75
81 92 15
81 98 4
81 83 21
81 82 50
82 87 97
82 97 84
82 90 54
82 100 32
82 84 8
82 98 55
82 83 68
83 91 57
83 87 23
83 99 95
83 96 89
83 84 100
84 97 84
84 90 34
84 100 41
84 88 15
84 93 81
84 85 89
85 88 10
85 93 34
85 99 40
85 92 23
85 86 68
86 94 28
86 92 38
86 89 48
86 100 22
86 95 23
86 96 60
86 91 77
86 87 64
87 95 96
87 91 70
87 100 83
87 88 21
88 91 38
88 97 82
88 95 79
88 92 36
88 89 70
89 100 16
89 98 7
89 92 87
89 95 81
89 90 96
90 92 32
90 93 16
90 91 87
91 99 71
91 92 35
92 94 11
92 99 86
92 93 6
93 98 12
93 94 88
94 98 5
94 95 41
95 100 42
95 97 30
95 96 34
96 98 8
96 97 33
97 100 99
97 98 2
98 99 23
99 100 2
