20
1 Montevideo
2 Nueva_York
3 Roma
4 Tokio
5 Moscu
6 Abu_Dhabi_South
7 Hong_Kong
8 Los_Angeles
9 Paris
10 Londres
11 Punta_del_Este
12 Salto
13 Rivera
14 Canelones
15 Colonia
16 Durazno
17 Paysandu
18 Maldonado
19 San_Pablo
20 Buenos_Aires
3
17
11
15
57
1 6 37
1 18 49
1 20 30
1 13 42
1 2 4
2 8 73
2 18 23
2 3 69
3 8 55
3 19 75
3 7 19
3 18 59
3 17 6
3 4 54
4 15 39
4 12 100
4 7 53
4 20 11
4 17 4
4 5 48
5 20 46
5 15 71
5 14 41
5 16 11
5 6 45
6 16 90
6 7 24
7 15 28
7 12 3
7 8 24
8 17 25
8 12 66
8 15 71
8 20 86
8 9 11
9 13 5
9 12 35
9 10 74
10 20 79
10 13 100
10 11 99
11 19 14
11 16 43
11 12 61
12 13 4
13 15 72
13 18 6
13 14 7
14 16 18
14 18 62
14 15 24
15 16 17
16 17 8
17 20 89
17 18 90
18 19 37
19 20 50
