200
1 Montevideo
2 Nueva_York
3 Roma
4 Tokio
5 Moscu
6 Abu_Dhabi_South
7 Hong_Kong
8 Los_Angeles
9 Paris
10 Londres
11 Punta_del_Este
12 Salto
13 Rivera
14 Canelones
15 Colonia
16 Durazno
17 Paysandu
18 Maldonado
19 San_Pablo
20 Buenos_Aires
21 Barcelona
22 Madrid
23 Berlin
24 Amsterdam
25 Lisboa
26 Bruselas
27 Estocolmo
28 Copenhague
29 Helsinki
30 Varsovia_Vieja
31 Atenas
32 El_Cairo
33 Sidney
34 Melbourne
35 Toronto
36 Vancouver
37 Ciudad_de_Mexico
38 Bogota
39 Santiago_de_Chile
40 Quito
41 Lima
42 Caracas
43 Brasilia
44 Ciudad_del_Cabo
45 Johannesburgo
46 Dubai
47 Singapur
48 Seul
49 Beijing
50 Bangkok
51 Estambul
52 Dublin
53 Edimburgo
54 Reikiavik
55 Praga
56 Viena
57 Zurich
58 Ginebra
59 Monaco
60 Luxemburgo
61 Varsovia_Nueva
62 Cracovia
63 Bratislava
64 Liubliana
65 Sarajevo
66 Zagreb
67 Belgrado
68 Budapest
69 Sofia
70 Bucarest
71 Chisinau
72 Kiev
73 Minsk
74 Vilna
75 Riga
76 Tallin
77 Oslo
78 Ciudad_del_Vaticano
79 Salinas
80 San_Petersburgo
81 Murmansk
82 Kaliningrado
83 Ekaterimburgo
84 Novosibirsk
85 Omsk
86 Irkutsk
87 Vladivostok
88 Almaty
89 Astana
90 Tashkent
91 Carrasco
92 Pocitos
93 Malvin
94 Erevan
95 Baku
96 Tbilisi
97 Ankara
98 Teheran
99 Bagdad
100 Damasco
101 Amman
102 Riad
103 Yeda
104 La_Meca
105 Kuwait
106 Manama
107 Doha
108 Muscat
109 Abu_Dhabi_Nort
110 Jerusalen
111 Tel_Aviv
112 Beirut
113 Costa_de_Oro
114 Tunez
115 Argel
116 Rabat
117 Casablanca
118 Marrakech
119 Miami
120 Abiyan
121 Acra
122 Ciudad_Juarez
123 Cordoba
124 Lille
125 Maputo
126 Pretoria
127 Harare
128 Nairobi
129 Alicante
130 Vigo
131 Marbella
132 Jartum
133 Tripoli
134 Bengasi
135 Bella_Union
136 Alejandria
137 Suez
138 Luxor
139 Juba
140 Cartago
141 Antananarivo
142 Port_Louis
143 Florianopolis
144 Bari
145 Male
146 Colombo
147 Thimphu
148 Katmandu
149 Daca
150 Calcuta
151 Bombay
152 Delhi
153 Chennai
154 Bangalore
155 Hyderabad
156 Karachi
157 Islamabad
158 Lahore
159 Kabul
160 Kandahar
161 Bishkek
162 Atlantida
163 Dusambe
164 Ashgabat
165 Samarkanda
166 Bamako
167 Venecia
168 Verona
169 Trieste
170 Dakar
171 Freetown
172 Conakry
173 Monrovia
174 Yamena
175 Yaunde
176 Bangui
177 Tacuarembo
178 Florida
179 Mercedes
180 Fray_Bentos
181 Akron
182 Rosario
183 Castillos
184 Tala
185 Kiyu
186 Bujumbura
187 Valladolid
188 Asmara
189 Oviedo
190 Mogadiscio
191 Mombasa
192 Palma_De_Mallorca
193 Minas
194 Melo
195 Tulsa
196 Paso_De_Los_Toros
197 Sauce
198 Lascano
199 Lusaka
200 Lilongüe
196
127
144
186
5970
1 115 17
1 152 16
1 47 44
1 147 34
1 19 37
1 70 8
1 104 79
1 113 37
1 58 53
1 17 65
1 161 69
1 25 69
1 24 88
1 132 81
1 145 32
1 29 90
1 168 38
1 31 38
1 186 92
1 9 75
1 28 73
1 169 92
1 171 77
1 45 34
1 154 44
1 137 76
1 130 29
1 139 87
1 13 6
1 80 26
1 183 84
1 92 22
1 98 95
1 40 75
1 5 82
1 91 19
1 78 72
1 79 16
1 172 48
1 112 3
1 131 17
1 6 48
1 90 81
1 27 16
1 72 83
1 83 40
1 102 58
1 105 8
1 82 55
1 165 31
1 116 12
1 150 94
1 194 27
1 179 40
1 2 57
2 132 25
2 143 93
2 76 43
2 61 47
2 138 57
2 125 76
2 29 18
2 44 81
2 69 64
2 21 94
2 144 32
2 95 18
2 135 14
2 164 23
2 22 49
2 34 73
2 169 86
2 41 59
2 101 4
2 65 56
2 46 44
2 4 53
2 33 30
2 55 93
2 183 2
2 110 63
2 123 85
2 87 54
2 155 75
2 38 82
2 166 95
2 71 36
2 10 24
2 124 76
2 100 50
2 75 7
2 58 24
2 5 39
2 148 13
2 171 41
2 66 37
2 136 69
2 27 68
2 113 15
2 107 22
2 98 59
2 36 37
2 90 34
2 81 95
2 162 10
2 85 59
2 195 2
2 50 64
2 99 8
2 62 70
2 186 69
2 77 5
2 176 75
2 200 73
2 199 55
2 23 37
2 3 80
3 133 40
3 138 51
3 146 14
3 144 5
3 121 31
3 142 29
3 156 62
3 80 59
3 7 30
3 145 28
3 135 55
3 150 68
3 134 74
3 10 4
3 173 24
3 195 47
3 60 23
3 187 37
3 154 84
3 162 88
3 106 47
3 192 62
3 35 30
3 91 39
3 167 81
3 194 33
3 75 60
3 98 5
3 26 40
3 170 80
3 62 29
3 147 78
3 190 39
3 188 98
3 31 100
3 125 53
3 27 1
3 43 37
3 41 9
3 179 99
3 53 34
3 78 82
3 55 31
3 74 20
3 186 92
3 123 6
3 14 47
3 141 56
3 29 88
3 115 67
3 37 63
3 182 65
3 51 18
3 143 30
3 197 59
3 120 27
3 163 34
3 34 16
3 178 19
3 168 42
3 16 81
3 105 22
3 111 58
3 4 37
4 28 75
4 67 60
4 185 94
4 94 94
4 45 25
4 137 59
4 154 4
4 104 41
4 120 72
4 174 57
4 88 75
4 14 49
4 141 30
4 21 79
4 130 27
4 164 45
4 155 54
4 78 17
4 55 68
4 30 66
4 58 53
4 181 19
4 186 5
4 29 30
4 61 36
4 143 49
4 73 63
4 64 48
4 23 7
4 150 62
4 68 95
4 98 8
4 62 13
4 105 43
4 86 17
4 18 87
4 112 46
4 113 49
4 79 1
4 70 73
4 162 27
4 134 15
4 48 73
4 136 48
4 146 80
4 90 72
4 187 48
4 34 43
4 99 57
4 66 99
4 191 66
4 89 21
4 167 58
4 142 68
4 103 76
4 195 11
4 176 34
4 35 45
4 31 31
4 5 73
5 198 51
5 58 85
5 191 42
5 171 74
5 73 4
5 110 57
5 87 68
5 184 32
5 120 17
5 21 51
5 91 37
5 57 44
5 157 26
5 136 1
5 196 1
5 25 43
5 180 18
5 48 70
5 124 18
5 135 84
5 53 60
5 7 14
5 56 48
5 102 99
5 98 77
5 23 26
5 60 95
5 83 27
5 128 59
5 22 30
5 89 80
5 106 60
5 113 82
5 54 51
5 44 93
5 32 27
5 104 70
5 9 100
5 200 17
5 173 36
5 139 97
5 20 1
5 96 49
5 193 55
5 81 60
5 146 63
5 172 15
5 77 76
5 6 19
6 34 34
6 136 95
6 196 32
6 116 10
6 165 44
6 143 69
6 111 45
6 191 71
6 121 94
6 130 91
6 19 38
6 58 19
6 177 29
6 53 14
6 139 85
6 141 37
6 117 65
6 25 5
6 10 2
6 17 50
6 97 45
6 114 80
6 56 61
6 104 99
6 45 89
6 147 7
6 148 39
6 159 84
6 80 3
6 189 52
6 173 55
6 199 62
6 30 29
6 70 98
6 38 12
6 107 80
6 55 74
6 123 14
6 77 82
6 59 64
6 14 85
6 24 67
6 96 29
6 194 15
6 146 19
6 161 66
6 115 27
6 185 38
6 144 38
6 50 47
6 94 74
6 126 21
6 31 47
6 81 6
6 60 79
6 163 4
6 158 58
6 21 55
6 106 51
6 63 62
6 13 73
6 133 89
6 51 53
6 119 86
6 7 93
7 134 77
7 195 76
7 64 34
7 149 90
7 193 71
7 31 27
7 50 95
7 109 23
7 180 19
7 108 95
7 148 54
7 75 61
7 142 63
7 55 64
7 179 79
7 141 24
7 77 4
7 16 8
7 185 90
7 144 60
7 63 36
7 131 53
7 199 11
7 186 30
7 90 68
7 33 38
7 150 41
7 118 98
7 138 60
7 86 93
7 123 25
7 43 74
7 157 98
7 88 85
7 154 73
7 111 6
7 60 94
7 176 22
7 191 67
7 98 95
7 76 10
7 115 65
7 17 41
7 121 25
7 44 66
7 159 52
7 146 32
7 171 57
7 133 52
7 155 74
7 124 67
7 8 93
8 103 76
8 29 24
8 120 77
8 34 46
8 39 84
8 18 39
8 175 52
8 192 23
8 115 82
8 36 25
8 195 5
8 160 61
8 89 66
8 197 82
8 10 78
8 90 64
8 148 5
8 188 88
8 62 77
8 113 84
8 100 75
8 132 46
8 88 18
8 173 86
8 180 50
8 107 100
8 46 72
8 177 3
8 142 3
8 15 76
8 163 97
8 92 71
8 56 44
8 19 71
8 172 34
8 50 32
8 85 34
8 75 36
8 109 61
8 171 57
8 81 53
8 87 43
8 147 20
8 61 79
8 65 51
8 106 61
8 53 43
8 189 100
8 150 18
8 158 35
8 82 32
8 129 11
8 93 70
8 179 66
8 169 36
8 133 11
8 43 48
8 9 31
9 82 85
9 161 83
9 190 3
9 60 26
9 149 93
9 124 99
9 146 80
9 168 2
9 177 13
9 170 61
9 67 14
9 138 83
9 39 67
9 22 4
9 16 86
9 151 59
9 55 61
9 71 14
9 14 63
9 200 84
9 100 9
9 88 90
9 61 16
9 98 2
9 36 34
9 182 19
9 121 47
9 127 70
9 131 68
9 110 83
9 155 71
9 152 55
9 35 92
9 171 17
9 176 91
9 47 85
9 54 92
9 43 80
9 144 56
9 56 34
9 104 65
9 158 81
9 107 78
9 175 73
9 40 83
9 20 94
9 48 51
9 72 8
9 44 72
9 78 48
9 173 57
9 87 2
9 42 94
9 157 74
9 147 64
9 195 38
9 96 67
9 143 96
9 10 44
10 20 100
10 15 49
10 187 48
10 93 15
10 159 82
10 45 85
10 19 3
10 168 58
10 30 45
10 123 15
10 104 29
10 169 36
10 96 25
10 71 18
10 171 48
10 175 39
10 92 73
10 118 6
10 130 40
10 113 8
10 18 34
10 40 39
10 63 49
10 53 9
10 150 12
10 16 82
10 39 60
10 13 74
10 137 37
10 95 19
10 154 22
10 94 70
10 97 9
10 22 96
10 132 3
10 91 3
10 89 67
10 161 68
10 151 71
10 29 41
10 61 30
10 133 76
10 157 57
10 37 39
10 52 87
10 167 41
10 141 52
10 49 4
10 198 47
10 176 42
10 34 20
10 127 83
10 124 15
10 189 54
10 177 94
10 28 89
10 67 51
10 11 86
11 108 77
11 92 14
11 71 6
11 28 74
11 115 72
11 52 60
11 103 50
11 104 2
11 105 47
11 56 5
11 147 85
11 161 26
11 154 99
11 101 38
11 72 88
11 182 67
11 186 48
11 113 47
11 17 72
11 119 13
11 164 63
11 200 90
11 153 16
11 114 72
11 167 86
11 88 18
11 196 3
11 145 20
11 85 53
11 185 100
11 43 68
11 165 89
11 94 4
11 95 39
11 73 100
11 120 2
11 67 65
11 49 68
11 136 81
11 173 12
11 125 8
11 117 10
11 91 4
11 59 68
11 34 87
11 13 18
11 116 99
11 123 77
11 63 98
11 20 56
11 15 5
11 40 73
11 141 90
11 12 34
12 193 1
12 141 73
12 39 45
12 56 45
12 54 98
12 146 90
12 36 27
12 29 77
12 171 72
12 62 19
12 88 19
12 76 90
12 127 39
12 86 57
12 186 73
12 173 99
12 154 50
12 114 69
12 178 64
12 96 67
12 140 25
12 44 87
12 22 74
12 131 70
12 138 18
12 185 6
12 108 36
12 120 65
12 139 43
12 153 4
12 106 99
12 191 74
12 158 64
12 129 38
12 28 38
12 200 97
12 149 74
12 75 91
12 145 7
12 105 7
12 170 91
12 167 25
12 24 2
12 65 4
12 41 79
12 77 76
12 89 75
12 79 2
12 180 95
12 13 33
13 69 43
13 75 24
13 184 11
13 109 41
13 43 76
13 134 2
13 165 95
13 119 15
13 21 66
13 111 23
13 16 54
13 19 23
13 133 39
13 62 32
13 168 88
13 117 75
13 169 70
13 135 85
13 179 85
13 90 37
13 131 15
13 104 50
13 44 52
13 84 35
13 83 64
13 86 78
13 123 18
13 181 58
13 155 96
13 148 86
13 51 60
13 196 62
13 89 87
13 152 72
13 110 23
13 191 98
13 87 14
13 182 65
13 102 51
13 23 4
13 164 72
13 48 31
13 58 40
13 100 57
13 160 94
13 52 37
13 17 20
13 128 20
13 124 91
13 144 29
13 77 71
13 163 49
13 41 12
13 142 87
13 199 48
13 14 51
14 42 65
14 144 77
14 87 72
14 116 100
14 66 15
14 160 13
14 100 79
14 103 80
14 148 61
14 97 76
14 197 70
14 117 28
14 81 71
14 150 33
14 195 100
14 124 59
14 34 1
14 93 45
14 43 74
14 154 54
14 65 19
14 59 61
14 19 19
14 83 100
14 118 5
14 168 49
14 111 50
14 174 77
14 77 98
14 98 68
14 140 21
14 194 60
14 90 63
14 82 17
14 32 71
14 155 45
14 31 25
14 84 7
14 166 77
14 108 72
14 50 30
14 99 42
14 145 30
14 41 39
14 127 66
14 63 71
14 15 85
15 26 49
15 127 47
15 50 73
15 164 90
15 25 37
15 105 82
15 64 94
15 136 32
15 116 75
15 142 39
15 77 35
15 89 53
15 190 79
15 94 26
15 163 30
15 93 82
15 179 47
15 106 70
15 42 14
15 55 18
15 45 34
15 62 48
15 197 9
15 125 80
15 194 40
15 187 48
15 183 32
15 33 94
15 117 40
15 185 91
15 41 58
15 156 42
15 188 26
15 148 87
15 32 74
15 97 18
15 56 78
15 165 100
15 53 46
15 191 73
15 144 53
15 92 32
15 159 96
15 37 79
15 152 68
15 108 58
15 138 10
15 196 99
15 174 81
15 16 66
16 146 73
16 193 43
16 153 20
16 131 44
16 21 40
16 24 27
16 108 46
16 110 38
16 136 22
16 58 31
16 159 13
16 65 58
16 144 35
16 194 12
16 141 27
16 133 25
16 27 9
16 43 7
16 92 90
16 143 43
16 45 2
16 121 80
16 72 63
16 85 19
16 76 13
16 199 100
16 38 45
16 114 54
16 160 58
16 135 53
16 118 82
16 104 41
16 179 1
16 127 37
16 145 78
16 93 94
16 155 40
16 163 96
16 195 75
16 44 42
16 42 57
16 167 58
16 117 17
16 29 77
16 25 40
16 30 45
16 113 73
16 151 21
16 132 93
16 107 26
16 138 43
16 105 61
16 188 94
16 49 9
16 172 13
16 200 94
16 176 15
16 83 36
16 161 36
16 74 71
16 17 10
17 145 77
17 33 44
17 68 83
17 104 64
17 168 47
17 44 11
17 22 58
17 141 98
17 134 88
17 186 90
17 125 55
17 102 13
17 166 4
17 99 89
17 199 10
17 75 24
17 74 48
17 38 24
17 71 19
17 190 10
17 80 39
17 140 12
17 177 47
17 63 58
17 165 8
17 53 81
17 181 69
17 31 26
17 49 53
17 46 31
17 98 73
17 60 64
17 191 26
17 56 49
17 121 38
17 108 97
17 78 61
17 136 96
17 52 25
17 150 27
17 110 74
17 169 5
17 130 88
17 70 24
17 62 90
17 149 75
17 123 72
17 51 64
17 124 30
17 18 59
18 54 95
18 130 27
18 70 8
18 21 23
18 105 12
18 76 31
18 120 34
18 168 30
18 67 54
18 118 2
18 101 79
18 199 85
18 74 22
18 143 19
18 57 69
18 153 61
18 189 77
18 131 22
18 124 38
18 52 8
18 181 1
18 32 11
18 53 74
18 47 71
18 173 13
18 34 79
18 79 68
18 68 22
18 132 30
18 61 84
18 125 24
18 31 67
18 62 13
18 66 36
18 104 17
18 193 55
18 39 68
18 55 7
18 109 33
18 38 68
18 129 13
18 166 11
18 195 22
18 28 21
18 184 61
18 103 76
18 88 77
18 99 100
18 78 11
18 169 49
18 64 34
18 200 84
18 69 3
18 50 92
18 167 41
18 152 58
18 190 88
18 19 70
19 119 93
19 156 100
19 42 73
19 66 39
19 168 27
19 189 35
19 133 46
19 79 90
19 61 76
19 68 64
19 31 17
19 120 30
19 147 29
19 172 66
19 37 49
19 54 6
19 62 15
19 174 30
19 180 19
19 191 89
19 90 7
19 198 70
19 105 30
19 96 94
19 23 49
19 97 79
19 55 17
19 124 75
19 200 67
19 145 86
19 83 23
19 188 72
19 73 31
19 100 13
19 123 12
19 91 71
19 112 23
19 85 63
19 134 28
19 78 54
19 121 89
19 77 53
19 27 96
19 193 47
19 45 22
19 20 42
20 153 47
20 170 84
20 186 95
20 35 77
20 86 37
20 36 62
20 175 39
20 130 22
20 178 54
20 120 17
20 37 73
20 89 91
20 96 91
20 137 99
20 132 7
20 63 88
20 38 26
20 81 77
20 129 79
20 124 57
20 69 53
20 176 73
20 119 86
20 41 71
20 140 78
20 134 4
20 182 34
20 156 94
20 122 50
20 72 19
20 91 28
20 115 87
20 70 27
20 117 56
20 147 33
20 95 73
20 163 24
20 59 26
20 155 59
20 126 93
20 107 32
20 158 7
20 198 8
20 195 39
20 123 53
20 25 96
20 42 45
20 75 40
20 128 13
20 133 16
20 177 85
20 139 39
20 166 90
20 33 39
20 23 40
20 94 94
20 162 48
20 79 68
20 61 92
20 185 76
20 21 13
21 111 21
21 145 23
21 65 74
21 163 9
21 55 83
21 164 45
21 140 61
21 51 76
21 146 70
21 48 19
21 128 1
21 29 72
21 67 100
21 153 37
21 106 87
21 189 71
21 141 50
21 114 29
21 119 28
21 95 25
21 197 78
21 97 29
21 121 64
21 199 89
21 196 91
21 75 86
21 195 15
21 186 43
21 165 75
21 187 48
21 101 47
21 54 39
21 61 2
21 177 34
21 28 62
21 38 91
21 147 8
21 112 38
21 191 82
21 58 39
21 72 90
21 32 71
21 71 52
21 37 7
21 181 81
21 160 18
21 100 70
21 178 44
21 22 84
22 179 54
22 150 54
22 107 40
22 197 77
22 141 48
22 157 39
22 71 71
22 161 79
22 127 74
22 53 16
22 129 45
22 39 60
22 148 19
22 176 67
22 46 13
22 159 32
22 96 15
22 133 73
22 98 53
22 124 20
22 52 26
22 70 70
22 175 95
22 196 45
22 84 42
22 116 44
22 51 60
22 56 64
22 58 12
22 151 48
22 31 9
22 145 54
22 64 57
22 169 29
22 108 10
22 143 92
22 113 11
22 194 76
22 83 29
22 48 71
22 69 92
22 95 7
22 182 25
22 23 43
23 132 47
23 152 17
23 172 3
23 97 58
23 179 28
23 37 80
23 199 76
23 49 62
23 117 70
23 123 63
23 126 79
23 191 89
23 170 86
23 58 87
23 176 2
23 29 15
23 33 78
23 143 43
23 146 10
23 158 39
23 83 52
23 115 86
23 151 44
23 157 23
23 192 58
23 197 31
23 174 29
23 81 95
23 141 26
23 32 10
23 194 1
23 76 86
23 139 96
23 53 64
23 57 66
23 68 30
23 147 66
23 185 37
23 189 99
23 98 76
23 121 24
23 155 35
23 24 44
24 136 63
24 187 75
24 29 1
24 138 87
24 63 37
24 66 2
24 71 86
24 34 80
24 30 12
24 147 55
24 90 60
24 120 49
24 145 87
24 156 100
24 50 8
24 124 44
24 143 27
24 149 71
24 59 20
24 127 92
24 191 60
24 177 94
24 186 41
24 56 1
24 108 44
24 52 72
24 35 94
24 111 14
24 197 21
24 110 53
24 167 96
24 82 27
24 190 6
24 193 1
24 140 22
24 171 65
24 166 34
24 38 87
24 178 79
24 86 3
24 92 19
24 119 46
24 60 40
24 101 23
24 114 46
24 163 38
24 130 14
24 116 14
24 200 23
24 109 19
24 122 87
24 25 41
25 129 74
25 27 47
25 110 98
25 84 91
25 100 95
25 40 3
25 53 68
25 103 13
25 88 56
25 106 6
25 168 81
25 131 88
25 73 30
25 43 94
25 45 59
25 166 91
25 132 57
25 133 21
25 31 73
25 105 86
25 92 12
25 59 80
25 125 24
25 200 88
25 149 30
25 89 66
25 97 41
25 93 53
25 169 16
25 158 43
25 39 92
25 67 40
25 29 11
25 195 11
25 177 72
25 120 3
25 44 21
25 199 86
25 74 51
25 154 20
25 187 61
25 117 86
25 123 88
25 184 46
25 108 63
25 34 79
25 162 60
25 145 75
25 170 83
25 151 61
25 147 38
25 156 92
25 26 41
26 67 25
26 189 87
26 160 99
26 108 29
26 55 45
26 86 49
26 38 67
26 176 44
26 178 41
26 129 16
26 128 31
26 138 18
26 184 28
26 105 31
26 167 82
26 161 85
26 92 59
26 62 73
26 137 22
26 101 20
26 177 18
26 70 10
26 170 72
26 77 58
26 194 91
26 111 34
26 98 20
26 43 49
26 172 12
26 164 50
26 141 76
26 171 85
26 165 95
26 183 78
26 150 56
26 187 59
26 124 28
26 133 2
26 64 40
26 166 14
26 57 81
26 196 44
26 151 100
26 48 90
26 44 30
26 121 21
26 81 48
26 56 84
26 186 32
26 33 85
26 41 97
26 192 85
26 84 18
26 191 53
26 157 91
26 32 25
26 63 97
26 27 74
27 177 77
27 72 63
27 145 27
27 46 76
27 70 75
27 96 6
27 154 65
27 144 55
27 104 49
27 118 18
27 31 29
27 153 16
27 78 56
27 100 85
27 112 94
27 183 64
27 185 8
27 129 53
27 103 92
27 161 60
27 164 33
27 188 91
27 102 52
27 88 10
27 165 94
27 83 50
27 157 45
27 114 54
27 126 59
27 142 68
27 168 90
27 65 37
27 128 53
27 135 85
27 54 84
27 116 81
27 175 69
27 61 89
27 49 75
27 51 62
27 44 56
27 95 22
27 169 73
27 76 46
27 33 34
27 174 6
27 56 36
27 123 8
27 52 39
27 92 79
27 109 74
27 80 73
27 66 60
27 172 22
27 28 49
28 117 7
28 106 67
28 81 60
28 47 16
28 186 17
28 118 53
28 42 55
28 78 53
28 175 16
28 76 35
28 174 42
28 116 21
28 184 96
28 35 96
28 115 41
28 105 27
28 40 46
28 141 77
28 194 45
28 177 38
28 179 98
28 148 6
28 167 53
28 119 54
28 199 5
28 61 44
28 33 26
28 51 38
28 147 47
28 36 67
28 193 16
28 190 46
28 31 70
28 64 49
28 149 43
28 143 7
28 153 21
28 183 65
28 112 54
28 156 54
28 77 24
28 138 94
28 166 27
28 86 72
28 140 22
28 114 69
28 189 24
28 151 74
28 173 71
28 39 1
28 85 8
28 158 38
28 95 23
28 37 22
28 29 97
29 75 72
29 108 48
29 117 52
29 132 74
29 125 72
29 49 49
29 35 15
29 176 75
29 166 51
29 133 12
29 155 49
29 144 10
29 86 26
29 113 22
29 183 33
29 190 59
29 160 41
29 167 45
29 199 86
29 164 36
29 123 8
29 124 23
29 200 28
29 129 88
29 87 58
29 54 54
29 94 12
29 105 41
29 111 4
29 187 14
29 93 28
29 84 88
29 126 89
29 186 14
29 114 61
29 74 3
29 142 62
29 145 69
29 137 9
29 85 73
29 161 95
29 110 14
29 56 18
29 135 99
29 174 71
29 130 2
29 79 22
29 141 48
29 185 19
29 140 93
29 43 75
29 102 61
29 127 80
29 30 5
30 152 61
30 42 81
30 164 76
30 108 5
30 82 92
30 52 81
30 98 35
30 193 12
30 79 8
30 92 69
30 90 25
30 174 44
30 123 72
30 61 22
30 115 1
30 72 75
30 196 57
30 187 8
30 80 78
30 96 95
30 73 28
30 168 3
30 141 35
30 128 35
30 57 50
30 84 8
30 190 99
30 167 88
30 114 69
30 76 85
30 121 51
30 133 90
30 129 49
30 46 69
30 183 45
30 49 48
30 156 76
30 97 22
30 144 72
30 151 89
30 54 71
30 50 55
30 86 15
30 119 35
30 146 24
30 37 30
30 101 27
30 69 95
30 65 97
30 31 46
31 133 3
31 130 22
31 88 49
31 102 94
31 137 58
31 74 26
31 151 18
31 160 5
31 159 9
31 62 39
31 192 2
31 141 80
31 106 23
31 108 72
31 57 46
31 148 14
31 188 16
31 80 69
31 61 80
31 58 92
31 78 36
31 103 44
31 44 80
31 118 100
31 95 94
31 180 74
31 179 6
31 199 22
31 176 46
31 167 34
31 115 63
31 64 83
31 36 27
31 100 96
31 143 34
31 169 28
31 142 77
31 135 87
31 56 98
31 109 30
31 113 76
31 40 35
31 194 63
31 196 5
31 147 82
31 70 20
31 152 15
31 134 6
31 111 29
31 178 60
31 104 63
31 185 97
31 138 17
31 60 70
31 84 69
31 146 96
31 32 52
32 162 72
32 194 86
32 99 1
32 75 56
32 184 90
32 64 12
32 91 55
32 37 75
32 146 22
32 41 75
32 42 48
32 58 42
32 153 11
32 169 42
32 180 15
32 175 84
32 100 17
32 102 93
32 143 75
32 115 37
32 89 17
32 105 14
32 104 10
32 107 83
32 137 93
32 34 83
32 59 34
32 65 96
32 83 72
32 109 81
32 134 100
32 130 26
32 140 99
32 38 64
32 108 64
32 68 90
32 113 82
32 90 79
32 155 31
32 71 72
32 93 88
32 77 12
32 98 3
32 112 11
32 33 14
33 70 46
33 47 26
33 168 1
33 108 74
33 145 80
33 103 24
33 64 71
33 125 55
33 175 54
33 200 88
33 170 9
33 77 57
33 184 12
33 186 23
33 181 87
33 109 10
33 67 81
33 91 53
33 179 29
33 129 43
33 92 2
33 39 63
33 167 54
33 128 3
33 144 33
33 42 35
33 137 20
33 172 8
33 117 93
33 173 66
33 182 35
33 74 8
33 101 12
33 151 52
33 119 84
33 115 27
33 85 62
33 118 18
33 99 86
33 97 65
33 124 34
33 83 25
33 49 1
33 161 23
33 193 68
33 51 1
33 34 25
34 42 57
34 108 45
34 118 15
34 199 72
34 191 19
34 156 45
34 77 60
34 82 84
34 183 78
34 40 100
34 121 48
34 145 58
34 169 53
34 186 16
34 70 83
34 79 43
34 148 28
34 192 91
34 102 48
34 104 50
34 178 19
34 172 43
34 64 8
34 109 33
34 47 33
34 65 18
34 58 35
34 114 55
34 49 17
34 170 39
34 112 64
34 144 16
34 129 4
34 88 46
34 72 78
34 175 93
34 66 79
34 54 21
34 74 16
34 164 16
34 93 77
34 99 63
34 55 99
34 44 31
34 161 43
34 185 90
34 106 44
34 80 86
34 182 51
34 122 13
34 155 48
34 89 23
34 59 99
34 35 40
35 90 91
35 86 25
35 55 90
35 79 21
35 89 85
35 159 81
35 188 93
35 154 50
35 153 72
35 85 34
35 127 76
35 179 17
35 37 79
35 51 89
35 101 43
35 185 66
35 72 62
35 76 95
35 198 79
35 77 98
35 126 46
35 194 24
35 138 34
35 167 66
35 190 12
35 110 52
35 172 85
35 103 53
35 145 68
35 91 29
35 181 82
35 160 10
35 105 66
35 187 70
35 88 99
35 125 82
35 184 38
35 116 21
35 45 83
35 68 54
35 152 5
35 39 84
35 50 74
35 99 41
35 141 87
35 189 45
35 182 59
35 104 8
35 52 34
35 168 57
35 36 38
36 169 56
36 118 50
36 155 59
36 140 39
36 128 3
36 96 91
36 50 62
36 59 37
36 121 72
36 104 51
36 185 28
36 123 86
36 58 79
36 150 24
36 65 40
36 40 83
36 124 62
36 131 70
36 76 76
36 108 17
36 172 85
36 144 16
36 81 85
36 154 77
36 158 65
36 187 59
36 167 99
36 126 90
36 132 62
36 188 47
36 156 93
36 200 54
36 92 44
36 80 25
36 170 100
36 151 29
36 162 30
36 112 6
36 37 95
37 196 63
37 159 34
37 156 10
37 54 91
37 169 93
37 106 8
37 86 82
37 154 71
37 140 69
37 77 71
37 146 77
37 39 45
37 73 19
37 115 58
37 113 33
37 87 35
37 149 48
37 76 8
37 128 43
37 195 21
37 57 43
37 166 79
37 53 42
37 69 88
37 79 17
37 107 78
37 70 82
37 65 41
37 176 19
37 93 10
37 72 80
37 100 81
37 180 28
37 91 47
37 98 56
37 161 92
37 94 29
37 43 68
37 197 22
37 184 93
37 164 35
37 191 66
37 155 77
37 200 55
37 64 75
37 109 70
37 103 68
37 48 42
37 38 84
38 107 40
38 192 85
38 108 57
38 91 9
38 179 61
38 75 52
38 116 68
38 78 9
38 161 61
38 123 50
38 176 94
38 154 56
38 164 19
38 63 46
38 43 35
38 109 98
38 129 56
38 102 84
38 171 51
38 196 20
38 45 75
38 114 59
38 92 65
38 103 2
38 199 6
38 118 90
38 147 26
38 65 39
38 93 84
38 62 75
38 90 33
38 113 72
38 175 92
38 72 92
38 111 47
38 160 42
38 193 73
38 89 45
38 194 78
38 120 39
38 132 97
38 173 73
38 170 76
38 39 30
39 161 29
39 52 55
39 155 42
39 172 45
39 57 91
39 45 35
39 195 42
39 103 68
39 51 38
39 111 38
39 72 9
39 191 79
39 149 54
39 146 9
39 84 100
39 98 66
39 129 84
39 65 13
39 58 32
39 153 25
39 200 3
39 83 64
39 183 55
39 82 32
39 167 9
39 50 2
39 159 27
39 110 89
39 81 22
39 109 28
39 80 3
39 87 8
39 160 27
39 66 75
39 106 86
39 135 65
39 91 81
39 68 53
39 100 27
39 104 38
39 134 81
39 97 54
39 136 65
39 151 82
39 92 74
39 176 91
39 44 26
39 150 30
39 70 1
39 158 6
39 128 3
39 124 97
39 182 20
39 85 31
39 40 26
40 114 93
40 146 63
40 168 12
40 133 67
40 171 26
40 42 3
40 148 75
40 56 22
40 180 46
40 164 60
40 154 84
40 125 28
40 181 88
40 44 23
40 117 60
40 197 67
40 153 21
40 151 56
40 128 90
40 103 98
40 184 12
40 192 61
40 196 38
40 123 32
40 150 8
40 119 24
40 99 15
40 183 80
40 158 59
40 43 82
40 45 20
40 115 46
40 52 86
40 107 21
40 95 11
40 55 36
40 167 52
40 194 78
40 170 16
40 66 46
40 190 55
40 116 56
40 157 90
40 182 96
40 191 44
40 64 84
40 106 74
40 69 55
40 188 74
40 41 79
41 106 22
41 150 11
41 111 57
41 189 64
41 191 59
41 66 49
41 93 66
41 68 54
41 134 30
41 82 58
41 131 28
41 102 19
41 110 11
41 77 69
41 65 88
41 84 46
41 112 86
41 94 74
41 129 81
41 148 5
41 70 7
41 117 61
41 171 94
41 124 2
41 172 95
41 180 15
41 200 6
41 197 30
41 155 66
41 83 29
41 174 62
41 85 21
41 116 7
41 100 30
41 58 44
41 59 30
41 63 62
41 135 9
41 89 90
41 178 90
41 161 96
41 71 97
41 163 57
41 52 54
41 78 95
41 149 22
41 154 22
41 108 8
41 188 72
41 75 13
41 61 26
41 42 15
42 130 70
42 146 44
42 180 41
42 152 13
42 105 14
42 173 72
42 48 79
42 111 71
42 80 15
42 86 100
42 74 21
42 116 49
42 50 56
42 117 87
42 44 65
42 121 31
42 154 64
42 110 66
42 150 68
42 164 17
42 126 88
42 147 14
42 170 21
42 120 37
42 46 68
42 133 37
42 136 66
42 183 97
42 96 63
42 47 85
42 58 74
42 188 97
42 159 23
42 162 13
42 192 51
42 125 24
42 143 48
42 163 100
42 95 78
42 189 56
42 97 36
42 107 44
42 177 76
42 142 18
42 129 70
42 114 22
42 77 60
42 144 72
42 43 11
43 195 78
43 175 80
43 88 28
43 174 14
43 111 3
43 114 77
43 184 98
43 56 48
43 95 78
43 159 65
43 48 81
43 131 62
43 109 66
43 151 80
43 106 70
43 71 22
43 134 71
43 161 5
43 118 28
43 198 34
43 82 39
43 140 85
43 102 13
43 167 17
43 141 40
43 162 92
43 169 67
43 199 38
43 180 4
43 84 84
43 146 90
43 116 3
43 126 90
43 77 46
43 113 1
43 68 72
43 52 43
43 98 54
43 63 54
43 144 3
43 189 34
43 44 64
44 129 63
44 198 2
44 64 79
44 192 23
44 139 6
44 93 42
44 188 13
44 181 2
44 185 56
44 89 54
44 72 99
44 124 15
44 142 83
44 100 98
44 184 98
44 87 79
44 102 41
44 189 17
44 178 80
44 46 26
44 79 99
44 114 88
44 122 68
44 147 61
44 51 43
44 63 41
44 99 23
44 77 94
44 134 32
44 166 72
44 193 59
44 85 71
44 199 32
44 82 98
44 128 20
44 126 66
44 47 52
44 101 44
44 137 28
44 115 35
44 60 48
44 131 40
44 88 76
44 45 65
45 181 68
45 179 3
45 159 96
45 93 76
45 168 80
45 130 39
45 133 87
45 66 72
45 91 1
45 165 16
45 170 41
45 137 14
45 190 55
45 106 90
45 111 6
45 68 22
45 102 56
45 49 23
45 55 90
45 188 19
45 183 90
45 101 11
45 135 72
45 126 97
45 47 46
45 166 53
45 164 34
45 70 32
45 77 33
45 117 53
45 182 23
45 100 77
45 69 24
45 191 30
45 146 6
45 75 73
45 56 48
45 112 99
45 172 85
45 46 95
46 165 76
46 81 12
46 76 16
46 176 24
46 168 27
46 199 28
46 90 66
46 166 91
46 174 6
46 70 8
46 137 20
46 108 21
46 92 39
46 117 68
46 133 39
46 180 98
46 82 92
46 107 67
46 61 65
46 144 88
46 68 98
46 195 11
46 104 31
46 123 51
46 116 84
46 110 64
46 106 64
46 55 59
46 142 40
46 200 24
46 189 76
46 147 83
46 197 43
46 152 5
46 115 59
46 135 68
46 47 29
47 129 17
47 80 94
47 121 41
47 166 76
47 200 48
47 148 61
47 181 99
47 123 58
47 54 4
47 108 99
47 79 87
47 120 59
47 157 73
47 50 35
47 133 54
47 109 81
47 97 77
47 84 81
47 126 1
47 113 55
47 132 32
47 193 50
47 76 68
47 141 54
47 105 24
47 188 51
47 153 8
47 173 57
47 61 19
47 179 13
47 194 76
47 167 72
47 155 66
47 99 97
47 57 4
47 98 47
47 134 40
47 68 1
47 182 65
47 116 63
47 159 95
47 94 82
47 198 80
47 48 27
48 110 21
48 189 17
48 154 32
48 163 58
48 120 76
48 90 9
48 63 33
48 76 41
48 177 8
48 122 37
48 71 37
48 123 43
48 100 29
48 95 71
48 186 29
48 150 45
48 179 31
48 170 14
48 62 22
48 50 73
48 174 35
48 118 71
48 89 65
48 112 48
48 111 89
48 69 3
48 121 55
48 198 7
48 106 65
48 185 2
48 180 100
48 70 24
48 58 63
48 184 94
48 117 89
48 193 3
48 158 28
48 132 13
48 91 85
48 125 63
48 142 82
48 197 7
48 60 38
48 195 36
48 101 48
48 146 61
48 99 88
48 49 53
49 83 9
49 142 81
49 97 33
49 127 62
49 166 84
49 96 3
49 169 69
49 116 85
49 187 64
49 109 72
49 64 100
49 162 27
49 59 79
49 179 9
49 185 97
49 154 9
49 98 12
49 198 35
49 153 13
49 53 76
49 85 93
49 68 27
49 143 7
49 160 30
49 51 81
49 99 19
49 56 7
49 140 46
49 58 60
49 112 81
49 167 44
49 171 7
49 130 73
49 149 82
49 72 68
49 134 76
49 170 44
49 132 48
49 121 35
49 156 93
49 196 25
49 74 89
49 50 50
50 58 84
50 77 14
50 163 85
50 69 82
50 121 39
50 147 35
50 199 19
50 102 20
50 171 8
50 61 29
50 167 31
50 181 71
50 200 61
50 148 73
50 71 90
50 105 89
50 177 52
50 127 93
50 79 57
50 59 20
50 157 42
50 80 44
50 122 82
50 53 73
50 131 29
50 124 29
50 130 83
50 115 100
50 104 60
50 101 40
50 107 8
50 160 2
50 110 57
50 183 70
50 78 28
50 93 80
50 184 63
50 116 18
50 136 54
50 176 93
50 76 76
50 112 8
50 52 87
50 99 36
50 83 57
50 85 28
50 89 96
50 63 66
50 51 68
51 133 39
51 88 97
51 150 33
51 177 8
51 78 24
51 139 97
51 153 68
51 186 35
51 111 79
51 174 83
51 98 72
51 175 76
51 68 61
51 99 50
51 144 89
51 54 44
51 158 59
51 162 42
51 166 59
51 114 76
51 147 88
51 62 60
51 125 83
51 90 60
51 110 19
51 60 81
51 151 31
51 63 68
51 193 1
51 124 10
51 132 6
51 58 60
51 122 64
51 71 50
51 119 46
51 188 79
51 192 61
51 141 13
51 102 5
51 79 87
51 85 86
51 181 73
51 190 37
51 52 17
52 131 19
52 85 6
52 175 23
52 119 16
52 59 6
52 96 66
52 180 77
52 147 65
52 101 33
52 93 98
52 188 22
52 130 12
52 77 26
52 151 89
52 83 75
52 178 99
52 154 93
52 86 44
52 182 63
52 89 35
52 114 61
52 155 64
52 105 66
52 87 38
52 176 43
52 104 58
52 169 40
52 110 62
52 92 36
52 196 68
52 159 24
52 68 52
52 75 87
52 124 54
52 153 26
52 95 4
52 55 35
52 88 98
52 111 83
52 128 44
52 157 44
52 162 2
52 199 25
52 84 82
52 171 91
52 200 82
52 53 85
53 178 57
53 104 85
53 84 97
53 110 95
53 137 23
53 67 46
53 162 56
53 177 52
53 184 73
53 154 55
53 183 6
53 164 93
53 78 91
53 80 82
53 157 59
53 93 67
53 141 34
53 85 73
53 121 46
53 194 29
53 172 13
53 161 85
53 186 65
53 175 6
53 152 63
53 144 80
53 193 18
53 160 49
53 99 81
53 114 5
53 62 14
53 189 67
53 105 77
53 176 8
53 145 48
53 155 48
53 188 21
53 59 5
53 117 6
53 134 37
53 64 26
53 69 64
53 94 26
53 54 10
54 70 65
54 151 45
54 198 75
54 169 95
54 160 16
54 103 62
54 82 26
54 80 23
54 152 5
54 84 96
54 73 96
54 180 14
54 109 31
54 63 84
54 87 67
54 108 17
54 183 20
54 192 51
54 159 1
54 72 51
54 181 38
54 185 69
54 66 53
54 161 87
54 95 72
54 186 68
54 89 86
54 130 43
54 65 81
54 136 55
54 97 15
54 189 82
54 150 48
54 174 43
54 79 29
54 133 36
54 156 76
54 155 42
54 114 63
54 91 74
54 173 80
54 55 60
55 60 98
55 120 76
55 130 22
55 86 65
55 196 13
55 166 7
55 70 98
55 100 32
55 85 59
55 81 96
55 76 60
55 177 8
55 90 57
55 148 33
55 119 10
55 139 65
55 169 12
55 61 8
55 114 49
55 134 60
55 192 33
55 179 9
55 124 18
55 168 50
55 172 12
55 79 62
55 153 96
55 112 26
55 77 52
55 200 80
55 94 76
55 189 52
55 167 4
55 115 5
55 199 76
55 64 77
55 195 7
55 62 22
55 186 34
55 75 70
55 56 26
56 190 90
56 179 6
56 114 21
56 182 76
56 160 93
56 62 34
56 93 78
56 75 97
56 97 89
56 136 19
56 140 38
56 176 19
56 138 31
56 102 85
56 70 59
56 187 35
56 71 83
56 198 60
56 118 73
56 78 71
56 122 71
56 150 80
56 149 72
56 76 94
56 92 60
56 66 3
56 181 68
56 58 65
56 73 34
56 81 100
56 77 83
56 146 56
56 154 10
56 145 59
56 128 84
56 133 35
56 72 54
56 57 2
57 127 62
57 200 3
57 102 94
57 168 65
57 92 86
57 192 21
57 193 8
57 69 65
57 63 30
57 110 21
57 109 30
57 196 53
57 163 19
57 108 62
57 167 91
57 65 45
57 76 39
57 155 17
57 93 79
57 157 86
57 149 32
57 126 100
57 90 17
57 124 62
57 166 54
57 147 29
57 73 9
57 186 24
57 132 89
57 185 76
57 183 13
57 84 5
57 195 6
57 137 63
57 161 38
57 79 62
57 171 78
57 188 90
57 58 34
58 171 30
58 77 14
58 177 92
58 182 97
58 197 21
58 139 87
58 115 46
58 160 31
58 157 42
58 200 50
58 93 58
58 146 100
58 124 24
58 132 35
58 134 83
58 150 85
58 141 34
58 89 65
58 140 22
58 131 79
58 172 43
58 69 19
58 60 13
58 85 72
58 178 92
58 135 74
58 94 17
58 185 61
58 183 54
58 67 58
58 72 59
58 86 23
58 65 42
58 84 26
58 156 63
58 95 30
58 199 62
58 125 6
58 191 86
58 106 45
58 92 21
58 193 43
58 161 62
58 170 62
58 114 7
58 151 13
58 112 86
58 66 89
58 138 81
58 152 47
58 87 97
58 59 74
59 160 84
59 96 2
59 197 30
59 170 33
59 112 85
59 125 66
59 83 93
59 61 68
59 116 77
59 186 77
59 73 55
59 119 20
59 196 30
59 185 88
59 113 86
59 181 94
59 152 46
59 130 55
59 161 40
59 155 2
59 149 46
59 139 49
59 194 79
59 145 54
59 71 57
59 84 43
59 89 50
59 72 74
59 138 87
59 105 53
59 132 57
59 88 97
59 177 49
59 91 20
59 69 52
59 171 88
59 167 26
59 146 26
59 148 58
59 193 87
59 104 76
59 199 29
59 190 60
59 178 27
59 60 51
60 64 72
60 157 13
60 134 33
60 102 72
60 188 69
60 112 86
60 135 52
60 63 99
60 149 65
60 195 22
60 189 87
60 132 64
60 170 79
60 91 27
60 159 5
60 180 50
60 163 47
60 101 20
60 161 31
60 86 69
60 68 26
60 121 50
60 160 34
60 177 95
60 141 60
60 196 15
60 154 35
60 124 73
60 126 95
60 155 84
60 131 33
60 122 31
60 172 80
60 182 1
60 61 90
61 126 21
61 103 37
61 113 74
61 190 2
61 167 91
61 97 99
61 170 31
61 159 33
61 66 53
61 68 56
61 100 65
61 135 78
61 67 39
61 121 4
61 120 70
61 129 69
61 145 71
61 85 54
61 173 89
61 174 15
61 156 85
61 160 35
61 70 48
61 76 56
61 176 50
61 108 87
61 81 72
61 155 93
61 166 70
61 93 42
61 117 28
61 165 75
61 183 48
61 95 74
61 92 93
61 84 13
61 91 88
61 181 98
61 102 42
61 73 75
61 62 71
62 162 91
62 174 59
62 187 14
62 96 42
62 83 38
62 153 93
62 99 71
62 176 71
62 79 49
62 73 55
62 75 14
62 77 52
62 104 18
62 98 33
62 195 39
62 154 7
62 100 54
62 147 86
62 149 10
62 190 46
62 82 37
62 74 67
62 152 33
62 122 32
62 191 44
62 72 55
62 109 59
62 194 28
62 78 49
62 164 19
62 145 90
62 103 53
62 163 9
62 158 50
62 189 93
62 159 13
62 128 91
62 115 5
62 87 60
62 85 61
62 116 30
62 172 100
62 63 2
63 91 45
63 103 64
63 190 53
63 177 63
63 84 38
63 134 34
63 80 14
63 132 25
63 143 11
63 73 38
63 113 7
63 106 17
63 149 9
63 99 84
63 150 43
63 110 99
63 74 63
63 192 42
63 156 26
63 176 4
63 181 85
63 200 73
63 131 88
63 191 93
63 108 11
63 160 39
63 141 33
63 71 34
63 184 88
63 123 72
63 139 41
63 183 12
63 193 31
63 116 21
63 146 2
63 101 61
63 135 69
63 179 99
63 171 27
63 86 42
63 169 58
63 138 34
63 105 31
63 67 76
63 166 24
63 112 31
63 158 86
63 64 55
64 172 75
64 165 28
64 177 13
64 132 64
64 137 10
64 140 60
64 112 38
64 88 29
64 100 66
64 84 91
64 155 94
64 181 84
64 160 86
64 78 100
64 70 45
64 134 90
64 126 86
64 102 87
64 74 49
64 185 11
64 109 39
64 82 31
64 179 70
64 80 78
64 113 97
64 133 14
64 123 36
64 144 76
64 75 54
64 106 9
64 149 10
64 154 47
64 178 54
64 94 15
64 121 46
64 159 60
64 174 50
64 65 95
65 104 80
65 166 42
65 199 87
65 117 16
65 155 97
65 142 18
65 191 18
65 138 33
65 150 70
65 169 67
65 159 19
65 119 48
65 176 40
65 128 97
65 174 69
65 120 66
65 137 43
65 133 9
65 111 74
65 175 17
65 91 74
65 197 87
65 168 50
65 78 57
65 127 69
65 74 10
65 173 96
65 157 79
65 188 97
65 84 4
65 134 97
65 148 99
65 189 6
65 186 73
65 109 5
65 66 93
66 69 11
66 113 91
66 88 69
66 167 37
66 109 28
66 70 3
66 149 12
66 87 10
66 155 10
66 196 97
66 117 86
66 135 71
66 101 56
66 191 71
66 127 80
66 151 67
66 157 7
66 118 99
66 169 46
66 175 25
66 143 35
66 182 27
66 97 20
66 181 74
66 198 20
66 96 49
66 103 95
66 153 84
66 128 55
66 89 21
66 125 55
66 68 82
66 176 4
66 67 92
67 167 26
67 88 75
67 74 78
67 87 86
67 129 73
67 101 37
67 113 12
67 190 72
67 198 16
67 127 48
67 183 27
67 90 86
67 91 44
67 116 35
67 178 27
67 185 16
67 154 35
67 194 72
67 152 12
67 179 48
67 195 14
67 133 41
67 82 31
67 72 18
67 110 50
67 156 68
67 143 93
67 188 15
67 83 18
67 149 90
67 107 22
67 145 89
67 141 77
67 197 3
67 79 52
67 157 97
67 177 81
67 168 95
67 77 61
67 68 42
68 94 20
68 118 5
68 183 16
68 168 40
68 186 11
68 185 37
68 146 53
68 174 63
68 108 53
68 166 24
68 187 60
68 86 53
68 96 34
68 101 10
68 148 29
68 181 54
68 122 73
68 182 94
68 145 46
68 84 89
68 189 27
68 152 52
68 193 29
68 99 100
68 104 18
68 149 60
68 71 17
68 116 78
68 72 3
68 143 94
68 161 69
68 107 43
68 139 75
68 133 48
68 110 40
68 142 13
68 111 49
68 198 100
68 69 77
69 81 26
69 187 59
69 99 66
69 84 58
69 174 63
69 132 95
69 110 32
69 178 43
69 116 67
69 192 49
69 93 37
69 162 40
69 144 32
69 181 77
69 91 25
69 134 1
69 130 97
69 150 85
69 121 35
69 184 70
69 118 20
69 127 89
69 138 16
69 115 82
69 173 45
69 157 99
69 135 28
69 113 99
69 108 39
69 126 38
69 107 83
69 97 60
69 101 40
69 95 45
69 190 10
69 104 8
69 189 21
69 70 73
70 109 33
70 115 8
70 106 20
70 127 77
70 183 14
70 102 95
70 135 33
70 189 42
70 176 6
70 76 95
70 103 90
70 117 44
70 151 6
70 161 16
70 144 95
70 116 80
70 165 25
70 185 95
70 172 33
70 139 7
70 175 69
70 114 75
70 138 7
70 141 77
70 98 2
70 97 30
70 95 42
70 107 83
70 71 67
71 126 86
71 75 40
71 163 25
71 113 18
71 74 42
71 129 49
71 175 91
71 133 38
71 181 77
71 197 62
71 173 50
71 124 43
71 177 5
71 140 3
71 130 80
71 81 25
71 99 91
71 116 44
71 102 66
71 161 28
71 91 53
71 172 58
71 167 38
71 189 12
71 170 1
71 92 87
71 156 30
71 118 35
71 147 76
71 141 20
71 112 45
71 96 91
71 158 93
71 134 2
71 78 89
71 159 90
71 93 76
71 168 89
71 155 50
71 87 61
71 80 61
71 98 3
71 85 34
71 142 26
71 89 46
71 183 67
71 187 3
71 146 73
71 122 26
71 200 57
71 199 14
71 125 41
71 72 7
72 117 2
72 85 91
72 97 88
72 152 72
72 79 14
72 195 14
72 179 93
72 98 82
72 99 17
72 185 11
72 125 25
72 169 48
72 155 12
72 167 38
72 149 59
72 109 62
72 122 95
72 175 71
72 156 62
72 123 26
72 174 62
72 164 41
72 96 47
72 140 5
72 83 70
72 76 30
72 128 14
72 114 83
72 194 36
72 124 20
72 101 65
72 137 37
72 142 29
72 112 45
72 145 94
72 74 58
72 131 38
72 178 15
72 171 51
72 184 14
72 193 32
72 84 78
72 154 15
72 160 15
72 196 22
72 73 39
73 191 17
73 188 23
73 134 1
73 161 19
73 103 27
73 130 46
73 144 28
73 87 43
73 137 90
73 102 93
73 157 48
73 136 72
73 180 37
73 169 8
73 99 11
73 187 85
73 190 2
73 86 34
73 113 83
73 77 55
73 164 64
73 107 47
73 186 18
73 94 99
73 153 74
73 93 89
73 141 25
73 98 94
73 138 36
73 104 2
73 79 77
73 115 93
73 178 78
73 74 77
74 112 13
74 178 64
74 193 73
74 108 73
74 100 1
74 141 58
74 101 41
74 114 53
74 123 83
74 92 18
74 125 64
74 140 8
74 143 76
74 165 52
74 104 62
74 136 16
74 159 82
74 173 29
74 109 90
74 134 96
74 180 49
74 97 26
74 172 92
74 151 7
74 156 39
74 171 20
74 94 72
74 160 29
74 120 25
74 164 53
74 78 24
74 90 3
74 106 5
74 75 70
75 135 24
75 145 24
75 168 77
75 159 84
75 99 99
75 113 5
75 79 26
75 156 47
75 104 50
75 136 62
75 196 13
75 181 74
75 77 27
75 94 75
75 126 36
75 167 28
75 185 47
75 84 59
75 142 92
75 83 20
75 122 31
75 78 80
75 138 49
75 137 24
75 111 35
75 125 34
75 151 49
75 149 55
75 128 12
75 146 5
75 102 62
75 176 73
75 127 99
75 131 87
75 101 30
75 198 89
75 86 83
75 76 4
76 85 95
76 189 58
76 197 57
76 116 35
76 81 53
76 135 80
76 129 52
76 123 43
76 164 72
76 98 12
76 194 50
76 180 80
76 161 78
76 156 52
76 100 59
76 110 97
76 174 6
76 199 76
76 167 6
76 102 29
76 106 89
76 168 81
76 140 99
76 138 80
76 178 60
76 159 22
76 93 34
76 113 100
76 134 59
76 187 8
76 114 72
76 128 87
76 182 84
76 149 50
76 145 76
76 87 69
76 88 65
76 137 60
76 91 76
76 92 79
76 152 78
76 77 24
77 151 57
77 117 47
77 100 51
77 119 53
77 142 7
77 141 85
77 87 91
77 186 42
77 132 26
77 163 16
77 149 47
77 133 13
77 148 33
77 94 69
77 143 64
77 198 74
77 122 89
77 138 42
77 182 17
77 85 12
77 152 99
77 84 88
77 125 69
77 90 22
77 155 36
77 128 54
77 174 48
77 171 40
77 111 3
77 86 86
77 81 48
77 168 9
77 134 29
77 114 35
77 83 73
77 78 50
78 172 63
78 138 28
78 120 19
78 182 59
78 95 60
78 104 3
78 164 47
78 146 85
78 193 23
78 173 69
78 111 24
78 140 84
78 159 28
78 153 11
78 148 92
78 90 80
78 170 39
78 84 20
78 177 43
78 174 22
78 119 90
78 152 40
78 156 39
78 189 96
78 161 56
78 154 17
78 85 14
78 125 89
78 106 89
78 191 10
78 88 23
78 82 81
78 79 30
79 113 86
79 192 11
79 122 46
79 199 49
79 150 57
79 120 76
79 102 38
79 194 27
79 176 41
79 137 31
79 133 97
79 118 94
79 88 83
79 87 25
79 82 8
79 89 67
79 128 90
79 166 51
79 182 59
79 136 86
79 142 67
79 92 43
79 190 38
79 131 74
79 140 7
79 141 39
79 168 21
79 121 69
79 115 56
79 85 4
79 86 2
79 83 67
79 162 100
79 191 54
79 154 98
79 125 23
79 193 47
79 81 35
79 97 22
79 155 73
79 99 87
79 80 76
80 89 98
80 111 74
80 156 92
80 169 48
80 187 13
80 116 20
80 161 95
80 175 69
80 150 74
80 126 35
80 186 80
80 107 11
80 199 65
80 164 80
80 138 14
80 174 99
80 182 44
80 190 73
80 95 62
80 176 14
80 131 11
80 163 54
80 127 89
80 118 61
80 192 22
80 124 95
80 172 89
80 84 72
80 142 75
80 165 22
80 85 61
80 122 31
80 133 38
80 140 65
80 177 71
80 129 70
80 113 91
80 81 100
81 90 20
81 104 91
81 199 74
81 124 59
81 198 47
81 169 24
81 93 100
81 109 57
81 134 85
81 129 90
81 188 49
81 152 34
81 105 20
81 158 35
81 147 91
81 141 73
81 130 37
81 165 50
81 86 23
81 172 30
81 84 34
81 187 96
81 125 51
81 176 3
81 110 35
81 82 49
82 138 61
82 149 87
82 166 100
82 145 80
82 134 32
82 141 2
82 129 48
82 100 28
82 148 100
82 144 92
82 178 56
82 158 69
82 104 43
82 93 45
82 137 24
82 171 55
82 146 44
82 167 25
82 181 34
82 186 93
82 155 2
82 91 2
82 115 57
82 85 87
82 117 23
82 170 72
82 121 65
82 194 30
82 154 2
82 116 28
82 95 66
82 102 74
82 126 6
82 94 7
82 140 52
82 161 14
82 83 45
83 149 4
83 163 74
83 136 56
83 180 46
83 194 77
83 104 32
83 96 3
83 121 74
83 109 99
83 176 13
83 153 49
83 97 69
83 186 6
83 191 53
83 200 11
83 88 35
83 102 28
83 166 100
83 106 5
83 137 78
83 159 46
83 148 25
83 129 11
83 141 48
83 151 16
83 158 92
83 178 43
83 179 70
83 173 45
83 135 48
83 84 84
84 127 61
84 188 3
84 179 3
84 151 19
84 194 25
84 113 7
84 90 2
84 163 5
84 92 99
84 159 71
84 165 8
84 150 92
84 195 83
84 116 97
84 115 24
84 171 23
84 107 3
84 197 16
84 140 92
84 147 31
84 180 22
84 100 21
84 196 98
84 167 42
84 88 99
84 182 66
84 121 89
84 94 71
84 109 16
84 187 29
84 129 48
84 136 75
84 143 16
84 104 37
84 164 37
84 200 25
84 111 5
84 86 28
84 153 59
84 112 22
84 125 57
84 137 88
84 162 82
84 144 81
84 85 10
85 187 90
85 185 38
85 192 37
85 109 30
85 90 87
85 99 34
85 124 18
85 128 45
85 111 7
85 91 4
85 168 85
85 189 6
85 141 21
85 183 39
85 181 76
85 171 42
85 130 46
85 134 47
85 193 30
85 126 63
85 97 37
85 157 4
85 162 66
85 139 21
85 120 29
85 103 83
85 173 14
85 86 4
86 193 25
86 159 88
86 166 53
86 92 6
86 151 24
86 197 55
86 178 68
86 190 73
86 160 59
86 184 83
86 111 35
86 168 64
86 180 49
86 107 94
86 195 61
86 108 33
86 198 50
86 105 9
86 120 29
86 109 26
86 99 47
86 194 88
86 149 53
86 185 77
86 141 32
86 144 36
86 118 60
86 150 87
86 191 89
86 177 31
86 101 25
86 133 77
86 102 89
86 127 100
86 87 61
87 198 65
87 93 74
87 152 26
87 161 42
87 192 78
87 108 30
87 196 3
87 103 69
87 120 44
87 180 57
87 199 29
87 181 69
87 110 64
87 195 21
87 151 48
87 200 94
87 186 80
87 119 41
87 156 69
87 164 47
87 157 41
87 133 46
87 145 54
87 197 26
87 140 100
87 127 29
87 88 64
88 129 31
88 184 42
88 103 31
88 90 54
88 146 59
88 125 47
88 165 48
88 114 30
88 131 89
88 148 1
88 92 69
88 193 27
88 173 44
88 178 37
88 169 44
88 109 41
88 128 63
88 183 51
88 138 18
88 119 76
88 122 24
88 150 57
88 159 97
88 186 16
88 166 96
88 96 46
88 101 48
88 149 72
88 156 36
88 112 23
88 94 41
88 107 30
88 89 89
89 132 53
89 155 75
89 117 54
89 179 69
89 184 57
89 111 41
89 98 15
89 97 55
89 170 89
89 197 20
89 150 95
89 178 68
89 127 56
89 146 89
89 115 60
89 177 71
89 181 94
89 108 25
89 96 91
89 162 28
89 140 54
89 195 76
89 136 77
89 200 88
89 151 67
89 145 14
89 123 20
89 160 23
89 194 67
89 180 15
89 164 9
89 199 3
89 143 55
89 126 71
89 90 86
90 134 19
90 165 2
90 111 43
90 103 44
90 102 28
90 188 51
90 149 86
90 92 39
90 190 64
90 106 90
90 185 89
90 172 87
90 93 50
90 112 62
90 161 10
90 99 32
90 148 52
90 159 84
90 174 66
90 120 53
90 132 90
90 96 6
90 129 20
90 135 68
90 91 14
91 140 24
91 108 15
91 164 96
91 165 58
91 145 49
91 166 100
91 160 74
91 105 65
91 162 56
91 137 30
91 179 12
91 176 69
91 115 89
91 121 37
91 171 34
91 177 40
91 172 14
91 135 9
91 120 47
91 126 40
91 118 84
91 114 75
91 148 95
91 104 20
91 146 84
91 147 74
91 182 63
91 153 3
91 193 23
91 186 59
91 185 68
91 92 79
92 121 53
92 101 66
92 169 52
92 139 99
92 172 85
92 146 59
92 152 73
92 109 73
92 168 14
92 170 44
92 130 25
92 161 60
92 196 36
92 179 58
92 158 84
92 111 3
92 100 61
92 145 15
92 129 56
92 184 10
92 136 61
92 144 71
92 135 76
92 175 6
92 140 26
92 114 36
92 110 94
92 176 41
92 105 68
92 102 26
92 153 5
92 93 56
93 108 28
93 111 27
93 110 56
93 103 12
93 159 35
93 163 76
93 139 60
93 184 65
93 142 43
93 171 5
93 119 98
93 173 39
93 101 19
93 155 11
93 153 19
93 164 76
93 182 82
93 161 77
93 135 43
93 199 94
93 157 24
93 114 21
93 190 71
93 174 18
93 100 26
93 162 100
93 192 36
93 95 5
93 133 11
93 195 93
93 97 75
93 94 67
94 128 3
94 150 68
94 156 59
94 118 44
94 119 50
94 139 35
94 136 28
94 195 93
94 135 59
94 132 30
94 115 40
94 141 76
94 172 100
94 159 76
94 129 36
94 171 63
94 160 82
94 198 15
94 142 25
94 127 37
94 188 71
94 170 16
94 197 8
94 189 96
94 151 59
94 133 11
94 146 58
94 95 33
95 118 83
95 99 43
95 150 90
95 127 23
95 161 8
95 132 60
95 152 72
95 141 5
95 103 39
95 143 97
95 193 77
95 107 57
95 171 13
95 144 72
95 142 22
95 140 3
95 122 98
95 177 1
95 109 94
95 155 15
95 196 8
95 164 57
95 172 47
95 136 74
95 198 78
95 134 22
95 106 22
95 139 58
95 167 64
95 111 13
95 200 36
95 104 47
95 128 7
95 96 3
96 105 75
96 133 37
96 143 54
96 186 3
96 109 68
96 181 39
96 187 37
96 128 6
96 183 91
96 192 60
96 115 66
96 196 23
96 198 94
96 159 24
96 124 82
96 144 74
96 191 45
96 180 53
96 120 37
96 149 90
96 178 33
96 182 35
96 126 100
96 173 45
96 169 63
96 103 6
96 152 77
96 147 96
96 166 22
96 200 76
96 193 73
96 98 90
96 108 98
96 110 86
96 188 43
96 156 72
96 131 56
96 97 11
97 120 18
97 176 37
97 122 4
97 126 32
97 161 96
97 121 17
97 168 77
97 112 48
97 180 82
97 186 17
97 163 91
97 148 51
97 175 2
97 156 61
97 179 30
97 146 97
97 134 1
97 108 61
97 143 78
97 109 20
97 188 73
97 114 2
97 200 31
97 144 63
97 169 31
97 181 50
97 196 27
97 164 57
97 147 32
97 135 77
97 159 3
97 98 77
98 162 3
98 167 34
98 153 53
98 165 96
98 177 13
98 190 1
98 160 96
98 152 83
98 164 67
98 148 82
98 169 33
98 170 53
98 102 12
98 138 74
98 139 80
98 200 52
98 194 75
98 115 74
98 163 75
98 168 44
98 145 7
98 191 58
98 166 99
98 187 100
98 108 58
98 183 29
98 172 16
98 197 93
98 99 44
99 120 78
99 172 82
99 185 58
99 110 5
99 131 59
99 178 33
99 111 21
99 192 35
99 107 56
99 112 53
99 164 100
99 118 65
99 121 95
99 114 92
99 197 89
99 116 45
99 127 50
99 166 49
99 194 16
99 156 19
99 138 61
99 151 2
99 170 52
99 162 55
99 155 51
99 113 14
99 150 14
99 140 61
99 174 29
99 173 52
99 179 21
99 100 39
100 194 25
100 144 80
100 172 79
100 113 35
100 141 74
100 153 52
100 115 19
100 121 8
100 139 70
100 178 80
100 123 48
100 188 58
100 137 27
100 130 67
100 185 86
100 180 48
100 152 23
100 190 14
100 138 92
100 101 49
101 186 33
101 110 57
101 132 65
101 182 50
101 115 36
101 159 22
101 191 11
101 184 54
101 177 87
101 131 86
101 167 82
101 145 94
101 136 71
101 124 87
101 127 78
101 133 54
101 197 89
101 130 94
101 199 8
101 180 53
101 170 90
101 188 11
101 158 31
101 109 30
101 185 57
101 118 83
101 143 30
101 173 3
101 142 60
101 104 62
101 149 3
101 129 55
101 128 23
101 163 43
101 165 15
101 117 86
101 102 62
102 190 96
102 144 30
102 199 81
102 113 20
102 115 28
102 133 98
102 160 65
102 166 4
102 198 90
102 107 82
102 188 51
102 121 6
102 192 43
102 122 18
102 137 38
102 152 41
102 170 89
102 169 75
102 180 87
102 106 45
102 191 55
102 184 92
102 117 48
102 108 94
102 103 46
103 119 11
103 186 75
103 133 68
103 123 92
103 144 2
103 193 78
103 168 92
103 192 43
103 136 46
103 109 23
103 187 23
103 166 65
103 172 27
103 106 16
103 163 98
103 157 34
103 111 83
103 198 55
103 178 47
103 176 28
103 131 42
103 177 85
103 118 31
103 169 52
103 181 46
103 167 7
103 120 83
103 179 8
103 104 88
104 144 37
104 169 33
104 184 84
104 177 75
104 157 51
104 140 18
104 187 4
104 197 50
104 165 19
104 127 33
104 134 56
104 149 29
104 150 93
104 174 100
104 113 14
104 181 6
104 170 30
104 168 6
104 129 91
104 131 28
104 192 63
104 191 34
104 126 92
104 145 57
104 143 63
104 195 16
104 105 38
105 153 65
105 184 40
105 138 66
105 121 2
105 164 70
105 193 79
105 119 11
105 173 39
105 150 82
105 170 44
105 159 17
105 200 11
105 188 91
105 147 40
105 127 56
105 125 89
105 108 69
105 120 4
105 126 2
105 185 16
105 181 45
105 152 47
105 149 96
105 110 95
105 165 95
105 139 4
105 162 44
105 169 66
105 106 15
106 170 81
106 123 82
106 169 92
106 140 29
106 191 48
106 167 62
106 200 97
106 188 11
106 125 45
106 126 57
106 162 63
106 158 57
106 121 68
106 146 10
106 133 28
106 124 85
106 192 11
106 187 76
106 199 24
106 113 50
106 178 67
106 128 41
106 163 44
106 179 30
106 161 74
106 195 8
106 114 7
106 166 7
106 185 7
106 134 86
106 116 31
106 136 70
106 107 43
107 187 26
107 131 4
107 120 96
107 159 16
107 178 44
107 164 10
107 198 85
107 193 38
107 122 35
107 176 23
107 114 46
107 130 12
107 119 70
107 123 92
107 132 26
107 195 94
107 126 18
107 147 9
107 166 71
107 145 35
107 191 13
107 108 61
108 131 35
108 199 41
108 143 18
108 167 28
108 173 31
108 118 86
108 176 47
108 193 20
108 192 35
108 166 7
108 140 13
108 114 78
108 122 4
108 169 40
108 155 53
108 195 99
108 152 91
108 151 28
108 110 73
108 141 38
108 180 40
108 112 47
108 194 17
108 174 32
108 184 66
108 159 57
108 116 73
108 186 34
108 109 65
109 113 55
109 146 42
109 193 89
109 174 7
109 190 35
109 179 44
109 178 25
109 149 10
109 132 2
109 119 40
109 118 46
109 148 86
109 165 81
109 126 73
109 189 44
109 163 92
109 183 11
109 114 2
109 191 7
109 135 32
109 144 35
109 175 64
109 110 24
110 115 98
110 156 56
110 153 9
110 151 33
110 194 56
110 162 61
110 183 23
110 169 29
110 145 9
110 185 48
110 165 13
110 179 60
110 167 61
110 195 21
110 163 54
110 144 50
110 198 84
110 193 38
110 182 77
110 143 77
110 142 80
110 150 84
110 123 48
110 149 27
110 168 27
110 170 77
110 180 59
110 114 53
110 159 65
110 137 89
110 111 89
111 152 39
111 173 16
111 191 3
111 125 29
111 120 12
111 177 65
111 178 96
111 154 67
111 136 52
111 161 46
111 144 84
111 156 17
111 143 50
111 140 30
111 171 42
111 170 60
111 132 33
111 199 83
111 181 58
111 124 63
111 121 18
111 145 27
111 148 31
111 200 96
111 112 16
112 120 58
112 135 46
112 115 47
112 163 35
112 126 65
112 178 79
112 184 3
112 154 22
112 114 71
112 182 47
112 194 66
112 146 11
112 142 49
112 158 63
112 198 56
112 149 64
112 147 52
112 123 84
112 188 59
112 191 46
112 193 77
112 190 24
112 172 96
112 170 52
112 121 90
112 113 72
113 188 19
113 129 84
113 194 64
113 198 63
113 159 63
113 138 48
113 156 75
113 123 18
113 184 22
113 124 95
113 132 42
113 195 85
113 165 3
113 120 82
113 172 87
113 164 91
113 187 99
113 139 96
113 169 7
113 147 26
113 153 1
113 155 73
113 161 38
113 168 20
113 115 56
113 114 33
114 120 69
114 175 14
114 193 90
114 174 66
114 143 3
114 119 51
114 124 19
114 130 50
114 132 91
114 139 6
114 122 11
114 186 41
114 150 21
114 181 39
114 127 64
114 194 40
114 151 51
114 156 53
114 199 95
114 192 87
114 157 94
114 135 17
114 129 42
114 118 1
114 125 25
114 191 18
114 145 98
114 170 87
114 144 38
114 115 51
115 118 41
115 181 78
115 148 73
115 197 95
115 141 82
115 178 13
115 167 43
115 173 18
115 131 31
115 147 44
115 170 32
115 128 1
115 123 3
115 175 66
115 161 16
115 198 79
115 166 67
115 183 59
115 171 86
115 190 6
115 195 55
115 137 50
115 159 71
115 163 26
115 135 79
115 116 33
116 166 83
116 141 97
116 181 70
116 136 99
116 151 39
116 155 6
116 124 45
116 171 78
116 143 41
116 142 63
116 160 86
116 134 96
116 191 31
116 190 51
116 158 7
116 149 23
116 126 33
116 139 4
116 148 100
116 174 18
116 198 45
116 117 88
117 199 80
117 175 7
117 144 9
117 141 41
117 145 11
117 188 66
117 147 9
117 184 8
117 193 55
117 124 77
117 178 24
117 143 33
117 176 62
117 138 96
117 177 18
117 158 72
117 195 89
117 174 96
117 119 70
117 131 14
117 159 27
117 118 12
118 132 59
118 166 47
118 174 4
118 131 42
118 196 84
118 120 33
118 153 69
118 152 90
118 133 19
118 161 41
118 141 12
118 189 26
118 144 100
118 164 47
118 129 75
118 125 42
118 180 85
118 138 1
118 130 56
118 170 88
118 173 50
118 162 21
118 157 67
118 135 45
118 119 96
119 178 27
119 133 24
119 200 34
119 181 76
119 146 42
119 137 23
119 130 95
119 175 53
119 151 99
119 121 45
119 192 50
119 191 52
119 174 94
119 129 93
119 143 78
119 167 6
119 170 9
119 199 75
119 171 77
119 164 40
119 132 95
119 187 98
119 120 77
120 175 13
120 197 37
120 127 16
120 154 11
120 142 25
120 187 88
120 169 100
120 162 83
120 173 92
120 139 83
120 158 28
120 166 81
120 147 74
120 182 53
120 163 64
120 179 59
120 199 88
120 192 51
120 196 81
120 189 9
120 137 22
120 155 34
120 140 15
120 144 35
120 150 88
120 145 76
120 121 49
121 191 92
121 145 49
121 171 9
121 183 78
121 186 26
121 123 94
121 193 84
121 182 63
121 125 57
121 173 13
121 136 92
121 168 50
121 177 48
121 146 12
121 124 21
121 132 69
121 179 77
121 190 71
121 141 19
121 166 11
121 174 28
121 159 39
121 165 33
121 169 70
121 122 61
122 195 26
122 181 25
122 143 85
122 179 1
122 148 23
122 200 20
122 140 11
122 135 29
122 153 43
122 167 32
122 187 44
122 196 93
122 147 74
122 158 64
122 154 49
122 130 85
122 137 33
122 155 63
122 180 41
122 146 50
122 160 7
122 183 89
122 132 83
122 152 92
122 139 46
122 126 25
122 150 87
122 186 77
122 133 32
122 168 51
122 123 7
123 135 2
123 128 61
123 156 16
123 137 11
123 134 68
123 153 40
123 151 69
123 160 91
123 197 57
123 129 20
123 158 87
123 131 23
123 172 21
123 195 97
123 130 1
123 133 32
123 191 13
123 189 18
123 162 98
123 194 68
123 124 57
124 175 37
124 185 31
124 183 32
124 171 33
124 163 40
124 133 65
124 178 61
124 194 2
124 199 40
124 154 35
124 170 63
124 158 16
124 131 30
124 193 17
124 146 58
124 196 48
124 182 45
124 129 87
124 134 20
124 167 82
124 162 74
124 166 3
124 150 67
124 128 8
124 125 79
125 178 26
125 194 3
125 137 47
125 176 23
125 150 87
125 195 30
125 134 19
125 181 64
125 144 84
125 167 34
125 143 48
125 186 62
125 200 65
125 127 11
125 198 55
125 132 63
125 191 86
125 157 28
125 169 64
125 126 91
126 187 10
126 134 47
126 200 84
126 148 99
126 166 11
126 185 95
126 193 29
126 189 41
126 183 35
126 199 3
126 197 82
126 132 20
126 143 33
126 190 65
126 163 30
126 152 71
126 170 60
126 127 59
127 182 38
127 133 97
127 147 76
127 160 11
127 181 2
127 141 19
127 199 47
127 194 75
127 150 50
127 129 76
127 140 56
127 168 68
127 196 99
127 188 7
127 178 20
127 191 84
127 128 90
128 162 11
128 199 39
128 157 14
128 172 43
128 159 36
128 200 36
128 197 48
128 147 64
128 165 67
128 184 18
128 150 56
128 175 34
128 198 79
128 129 67
129 165 28
129 170 5
129 167 7
129 139 6
129 171 18
129 198 46
129 141 75
129 143 67
129 189 41
129 147 76
129 193 98
129 182 20
129 144 12
129 157 70
129 149 73
129 194 40
129 166 36
129 196 77
129 168 7
129 174 94
129 173 25
129 138 75
129 130 54
130 173 93
130 153 64
130 139 12
130 183 17
130 159 26
130 172 63
130 146 11
130 163 47
130 185 96
130 171 97
130 189 6
130 143 81
130 169 65
130 187 52
130 175 78
130 131 28
131 149 66
131 196 51
131 190 33
131 138 96
131 162 53
131 178 21
131 173 76
131 158 89
131 133 5
131 171 82
131 156 67
131 191 66
131 148 2
131 186 57
131 164 83
131 165 32
131 193 73
131 163 52
131 168 81
131 166 14
131 185 56
131 198 49
131 140 95
131 174 1
131 195 17
131 194 95
131 176 29
131 142 93
131 132 16
132 185 97
132 142 91
132 172 76
132 150 94
132 155 37
132 160 13
132 197 65
132 194 94
132 165 5
132 183 39
132 143 47
132 158 35
132 198 82
132 159 7
132 178 86
132 195 26
132 133 15
133 167 12
133 176 24
133 174 93
133 137 75
133 140 27
133 168 31
133 166 19
133 147 28
133 194 69
133 184 69
133 157 83
133 138 86
133 169 11
133 142 99
133 163 55
133 191 63
133 156 8
133 178 14
133 170 48
133 200 6
133 182 56
133 160 62
133 158 72
133 143 83
133 186 52
133 192 8
133 146 86
133 134 73
134 148 38
134 192 73
134 177 29
134 194 11
134 165 7
134 164 12
134 176 93
134 147 4
134 158 93
134 187 65
134 172 74
134 152 51
134 195 49
134 167 52
134 181 48
134 157 76
134 168 1
134 182 86
134 189 92
134 166 66
134 162 71
134 200 25
134 142 15
134 135 55
135 172 93
135 182 90
135 164 67
135 144 67
135 163 18
135 160 72
135 184 83
135 191 25
135 167 63
135 177 100
135 140 99
135 137 17
135 142 21
135 183 52
135 159 87
135 147 40
135 190 11
135 189 79
135 174 40
135 185 61
135 145 14
135 162 6
135 136 4
136 158 45
136 170 69
136 143 60
136 167 98
136 147 8
136 177 41
136 195 45
136 157 42
136 159 49
136 152 39
136 182 3
136 181 55
136 199 43
136 155 48
136 165 37
136 196 34
136 166 84
136 192 91
136 154 82
136 180 51
136 151 30
136 142 33
136 137 88
137 170 54
137 148 15
137 153 5
137 167 93
137 186 58
137 200 91
137 154 44
137 198 3
137 197 36
137 141 71
137 140 98
137 196 65
137 156 75
137 189 35
137 174 77
137 144 76
137 139 66
137 162 60
137 194 91
137 149 47
137 180 51
137 179 87
137 177 19
137 138 97
138 187 5
138 157 66
138 179 24
138 152 56
138 164 91
138 186 74
138 154 8
138 146 74
138 159 47
138 161 55
138 173 30
138 169 88
138 189 27
138 168 62
138 180 74
138 183 41
138 193 23
138 176 80
138 199 52
138 139 17
139 198 85
139 166 43
139 183 94
139 179 100
139 142 95
139 188 76
139 180 9
139 153 23
139 165 24
139 155 22
139 184 14
139 187 81
139 182 52
139 163 67
139 167 30
139 195 22
139 159 14
139 191 15
139 190 61
139 171 38
139 140 4
140 152 49
140 190 79
140 179 51
140 155 28
140 187 11
140 175 39
140 189 46
140 183 67
140 145 86
140 173 89
140 154 25
140 186 27
140 149 58
140 181 5
140 166 6
140 176 26
140 158 73
140 171 12
140 174 33
140 144 99
140 141 20
141 198 76
141 161 2
141 159 75
141 178 60
141 167 90
141 180 36
141 190 39
141 143 63
141 147 11
141 196 84
141 179 16
141 191 46
141 158 58
141 157 65
141 165 18
141 155 56
141 186 62
141 175 11
141 185 93
141 188 84
141 142 57
142 184 8
142 191 10
142 173 87
142 151 96
142 193 61
142 195 75
142 181 66
142 150 21
142 199 76
142 190 8
142 189 9
142 153 1
142 164 97
142 192 39
142 196 51
142 143 19
143 162 31
143 175 71
143 165 93
143 176 62
143 183 77
143 199 79
143 189 32
143 188 46
143 173 8
143 181 17
143 145 17
143 172 59
143 158 9
143 195 36
143 180 85
143 192 70
143 182 25
143 194 50
143 198 82
143 144 43
144 176 45
144 180 35
144 147 83
144 179 20
144 168 9
144 159 18
144 146 72
144 177 65
144 160 7
144 187 26
144 195 52
144 172 76
144 199 67
144 186 37
144 164 22
144 154 42
144 175 82
144 145 41
145 152 51
145 161 90
145 184 15
145 151 82
145 192 22
145 199 54
145 189 95
145 165 33
145 159 7
145 175 83
145 191 11
145 194 56
145 160 97
145 166 63
145 181 21
145 158 34
145 188 21
145 174 98
145 156 74
145 146 69
146 194 94
146 190 84
146 161 48
146 166 91
146 198 74
146 187 90
146 174 64
146 170 88
146 196 72
146 147 75
147 184 43
147 198 69
147 159 53
147 195 42
147 191 45
147 181 80
147 175 78
147 183 69
147 153 44
147 157 34
147 186 83
147 154 85
147 152 28
147 162 93
147 150 36
147 166 37
147 188 30
147 148 28
148 183 73
148 178 27
148 199 99
148 184 70
148 159 13
148 167 27
148 191 72
148 177 56
148 193 23
148 175 14
148 161 98
148 164 43
148 200 27
148 149 32
149 177 83
149 176 36
149 157 7
149 183 5
149 156 3
149 166 75
149 197 46
149 158 60
149 154 46
149 171 5
149 198 65
149 173 20
149 199 48
149 153 64
149 150 23
150 155 70
150 194 18
150 190 86
150 171 21
150 174 8
150 181 11
150 176 61
150 192 13
150 153 28
150 161 56
150 188 10
150 183 19
150 175 97
150 151 56
151 200 55
151 158 47
151 179 10
151 167 6
151 182 6
151 156 48
151 187 98
151 178 2
151 193 35
151 172 38
151 194 34
151 152 33
152 189 37
152 193 91
152 196 53
152 167 28
152 177 49
152 198 86
152 169 80
152 164 37
152 188 9
152 187 96
152 176 53
152 181 92
152 160 58
152 170 48
152 156 81
152 197 57
152 157 14
152 199 100
152 153 83
153 191 52
153 185 5
153 157 44
153 178 56
153 162 64
153 170 71
153 188 84
153 186 22
153 184 38
153 173 39
153 161 72
153 163 31
153 165 3
153 160 56
153 156 72
153 169 60
153 177 84
153 154 62
154 186 61
154 190 75
154 157 30
154 167 3
154 193 20
154 180 55
154 187 46
154 174 78
154 172 28
154 199 21
154 192 90
154 181 94
154 159 21
154 160 40
154 170 43
154 155 89
155 160 17
155 158 31
155 180 13
155 196 65
155 175 35
155 192 44
155 174 83
155 171 42
155 159 12
155 169 1
155 164 2
155 184 8
155 182 31
155 156 62
156 193 62
156 187 7
156 172 92
156 182 69
156 186 40
156 188 1
156 177 70
156 180 1
156 171 10
156 198 14
156 176 7
156 167 69
156 181 41
156 190 61
156 185 46
156 165 96
156 164 83
156 174 29
156 161 53
156 157 53
157 169 67
157 191 5
157 187 99
157 178 92
157 172 59
157 192 98
157 175 72
157 200 21
157 196 67
157 179 54
157 158 99
158 191 73
158 177 75
158 193 51
158 190 71
158 172 9
158 163 85
158 168 72
158 175 29
158 189 4
158 194 44
158 187 40
158 159 3
159 190 49
159 195 7
159 168 70
159 163 24
159 182 29
159 162 91
159 183 13
159 174 52
159 178 38
159 188 15
159 161 2
159 160 71
160 193 60
160 196 2
160 184 82
160 179 11
160 200 77
160 192 41
160 186 7
160 181 21
160 194 37
160 161 52
161 171 38
161 200 94
161 184 75
161 179 74
161 178 34
161 198 90
161 182 70
161 188 80
161 195 34
161 192 29
161 186 42
161 181 17
161 163 21
161 190 73
161 166 30
161 189 23
161 180 37
161 162 30
162 190 10
162 166 77
162 169 83
162 167 80
162 184 1
162 187 53
162 199 25
162 163 38
163 196 62
163 191 83
163 165 29
163 182 98
163 170 7
163 197 31
163 166 93
163 181 97
163 193 67
163 200 72
163 175 95
163 174 83
163 198 72
163 188 94
163 192 20
163 187 44
163 164 18
164 185 9
164 178 94
164 194 3
164 188 40
164 186 39
164 165 3
165 194 40
165 174 32
165 181 28
165 195 16
165 190 3
165 189 29
165 180 28
165 172 62
165 166 92
166 179 27
166 181 90
166 190 98
166 192 47
166 172 84
166 180 91
166 197 54
166 175 58
166 188 59
166 169 13
166 171 92
166 186 14
166 189 64
166 198 28
166 187 81
166 185 76
166 167 73
167 178 94
167 197 35
167 186 30
167 196 78
167 177 91
167 175 84
167 200 25
167 194 91
167 187 4
167 172 8
167 174 68
167 168 42
168 197 35
168 199 97
168 172 17
168 193 96
168 179 70
168 177 69
168 173 62
168 169 88
169 199 51
169 185 66
169 182 29
169 198 31
169 186 63
169 176 31
169 181 35
169 189 35
169 183 93
169 190 22
169 197 10
169 170 89
170 176 89
170 175 27
170 180 42
170 182 69
170 189 16
170 195 78
170 174 77
170 184 36
170 185 47
170 199 52
170 171 97
171 189 9
171 178 54
171 185 70
171 182 81
171 191 28
171 186 87
171 177 93
171 200 96
171 173 28
171 187 2
171 172 59
172 198 87
172 195 89
172 176 41
172 181 82
172 188 13
172 191 95
172 182 25
172 175 27
172 179 75
172 186 4
172 174 95
172 192 15
172 173 97
173 187 84
173 178 37
173 191 99
173 188 30
173 190 2
173 181 43
173 183 34
173 180 46
173 193 98
173 174 15
174 195 58
174 183 76
174 179 4
174 188 9
174 198 80
174 176 37
174 200 39
174 182 87
174 180 4
174 197 19
174 187 11
174 190 58
174 185 1
174 175 1
175 197 77
175 196 66
175 199 65
175 200 42
175 180 100
175 191 5
175 179 48
175 188 81
175 176 37
176 194 57
176 183 83
176 199 74
176 182 50
176 184 90
176 197 67
176 177 35
177 181 98
177 200 91
177 186 85
177 182 6
177 196 2
177 197 70
177 195 38
177 178 28
178 185 22
178 186 94
178 193 66
178 183 84
178 200 26
178 195 25
178 179 65
179 183 73
179 191 89
179 182 28
179 197 13
179 195 42
179 181 10
179 199 69
179 200 78
179 180 19
180 192 37
180 189 79
180 183 95
180 186 71
180 196 53
180 191 39
180 200 92
180 199 99
180 181 50
181 194 36
181 184 61
181 188 23
181 197 47
181 183 37
181 182 20
182 193 70
182 188 33
182 191 34
182 184 39
182 197 61
182 183 51
183 191 41
183 190 64
183 184 84
184 198 52
184 187 37
184 190 52
184 195 18
184 188 31
184 185 34
185 195 83
185 197 26
185 200 73
185 191 9
185 194 6
185 186 91
186 192 47
186 190 70
186 199 19
186 187 97
187 196 90
187 200 27
187 194 52
187 198 36
187 189 15
187 188 38
188 193 79
188 194 6
188 189 89
189 195 74
189 196 65
189 190 99
190 198 9
190 191 8
191 198 17
191 199 35
191 192 92
192 193 81
193 197 74
193 194 46
194 196 35
194 199 53
194 195 9
195 196 83
196 199 38
196 197 89
197 200 21
197 198 33
198 199 76
199 200 77
