30
1 Montevideo
2 Nueva_York
3 Roma
4 Tokio
5 Moscu
6 Abu_Dhabi_South
7 Hong_Kong
8 Los_Angeles
9 Paris
10 Londres
11 Punta_del_Este
12 Salto
13 Rivera
14 Canelones
15 Colonia
16 Durazno
17 Paysandu
18 Maldonado
19 San_Pablo
20 Buenos_Aires
21 Barcelona
22 Madrid
23 Berlin
24 Amsterdam
25 Lisboa
26 Bruselas
27 Estocolmo
28 Copenhague
29 Helsinki
30 Varsovia_Vieja
2
7
26
2
130
1 5 76
1 20 93
1 18 22
1 21 28
1 13 34
1 30 95
1 3 52
1 15 36
1 19 52
1 2 42
2 21 85
2 13 42
2 14 24
2 11 85
2 4 13
2 3 68
3 12 2
3 19 85
3 29 1
3 25 98
3 18 59
3 24 62
3 28 16
3 26 9
3 4 63
4 29 65
4 13 55
4 28 86
4 15 9
4 11 19
4 17 9
4 5 91
5 24 78
5 15 96
5 22 91
5 29 15
5 10 32
5 21 38
5 23 29
5 6 45
6 14 69
6 29 21
6 27 93
6 20 80
6 23 56
6 7 79
7 17 77
7 22 65
7 14 40
7 18 87
7 8 32
8 28 4
8 30 14
8 13 33
8 29 6
8 9 18
9 22 87
9 27 21
9 11 57
9 15 19
9 10 98
10 30 93
10 24 19
10 26 16
10 29 1
10 11 57
11 27 60
11 16 4
11 25 92
11 24 61
11 18 82
11 30 66
11 12 99
12 24 58
12 22 52
12 20 5
12 23 1
12 30 82
12 13 82
13 19 11
13 23 21
13 20 25
13 18 60
13 25 27
13 14 36
14 22 20
14 27 18
14 16 24
14 29 64
14 15 83
15 26 33
15 25 26
15 20 9
15 16 80
16 23 24
16 25 6
16 18 51
16 17 33
17 20 99
17 19 14
17 27 92
17 21 4
17 18 42
18 25 30
18 19 4
19 20 96
20 22 88
20 25 27
20 30 3
20 21 77
21 29 32
21 23 90
21 24 9
21 25 29
21 26 10
21 22 94
22 24 90
22 26 94
22 30 33
22 23 55
23 24 85
24 28 41
24 25 34
25 26 76
26 28 46
26 27 4
27 30 14
27 28 12
28 29 58
29 30 20
