40
1 Montevideo
2 Nueva_York
3 Roma
4 Tokio
5 Moscu
6 Abu_Dhabi_South
7 Hong_Kong
8 Los_Angeles
9 Paris
10 Londres
11 Punta_del_Este
12 Salto
13 Rivera
14 Canelones
15 Colonia
16 Durazno
17 Paysandu
18 Maldonado
19 San_Pablo
20 Buenos_Aires
21 Barcelona
22 Madrid
23 Berlin
24 Amsterdam
25 Lisboa
26 Bruselas
27 Estocolmo
28 Copenhague
29 Helsinki
30 Varsovia_Vieja
31 Atenas
32 El_Cairo
33 Sidney
34 Melbourne
35 Toronto
36 Vancouver
37 Ciudad_de_Mexico
38 Bogota
39 Santiago_de_Chile
40 Quito
10
25
26
28
234
1 10 42
1 39 34
1 26 17
1 18 80
1 15 94
1 22 72
1 37 67
1 7 69
1 6 20
1 13 75
1 17 20
1 2 56
2 12 78
2 4 7
2 8 48
2 9 34
2 25 84
2 32 55
2 34 8
2 13 98
2 14 19
2 33 18
2 23 39
2 39 74
2 15 18
2 3 25
3 23 86
3 37 13
3 24 15
3 7 92
3 13 78
3 17 26
3 16 12
3 22 16
3 6 24
3 18 19
3 4 41
4 40 60
4 37 47
4 12 59
4 24 93
4 28 25
4 5 38
5 27 22
5 21 83
5 38 22
5 34 46
5 24 80
5 29 35
5 25 66
5 23 69
5 39 52
5 6 23
6 25 92
6 39 17
6 14 40
6 18 99
6 37 99
6 28 25
6 24 57
6 8 18
6 11 64
6 7 52
7 12 28
7 18 74
7 36 55
7 20 62
7 33 76
7 29 86
7 37 92
7 15 18
7 11 20
7 31 22
7 35 55
7 8 2
8 27 60
8 29 55
8 23 94
8 30 41
8 17 47
8 11 50
8 15 59
8 16 41
8 10 66
8 36 17
8 37 12
8 9 47
9 17 96
9 36 2
9 23 70
9 33 4
9 11 79
9 21 38
9 10 47
10 30 14
10 40 17
10 29 16
10 12 73
10 28 5
10 11 53
11 39 15
11 27 85
11 13 71
11 36 13
11 16 9
11 28 6
11 26 29
11 34 97
11 33 54
11 32 48
11 14 99
11 12 36
12 20 52
12 28 36
12 13 45
13 27 24
13 29 2
13 17 60
13 35 11
13 25 75
13 24 47
13 16 75
13 38 27
13 33 61
13 39 15
13 40 33
13 31 63
13 14 96
14 16 83
14 29 90
14 20 41
14 26 42
14 38 32
14 36 57
14 15 20
15 32 29
15 38 3
15 23 35
15 26 9
15 21 54
15 27 27
15 16 33
16 36 98
16 19 6
16 24 21
16 22 22
16 25 44
16 21 27
16 17 49
17 23 69
17 20 31
17 32 46
17 22 27
17 18 69
18 36 56
18 31 66
18 32 25
18 26 39
18 23 44
18 35 57
18 19 23
19 39 95
19 40 50
19 30 36
19 24 13
19 20 14
20 32 7
20 35 66
20 37 83
20 38 28
20 39 65
20 21 1
21 37 100
21 40 72
21 24 9
21 28 56
21 26 63
21 23 90
21 22 44
22 32 91
22 37 73
22 30 87
22 40 30
22 23 77
23 30 40
23 32 43
23 31 85
23 34 43
23 24 90
24 33 12
24 39 87
24 32 47
24 37 73
24 25 31
25 33 69
25 31 92
25 38 96
25 36 70
25 26 22
26 37 8
26 39 42
26 28 66
26 36 77
26 27 45
27 34 93
27 29 34
27 32 63
27 28 61
28 34 26
28 39 18
28 36 53
28 35 67
28 29 65
29 34 37
29 31 77
29 30 51
30 33 44
30 31 6
31 40 37
31 36 5
31 32 39
32 40 48
32 33 58
33 38 79
33 37 22
33 34 82
34 36 46
34 35 79
35 37 38
35 36 95
36 37 4
37 38 31
38 39 48
39 40 3
