50
1 Montevideo
2 Nueva_York
3 Roma
4 Tokio
5 Moscu
6 Abu_Dhabi_South
7 Hong_Kong
8 Los_Angeles
9 Paris
10 Londres
11 Punta_del_Este
12 Salto
13 Rivera
14 Canelones
15 Colonia
16 Durazno
17 Paysandu
18 Maldonado
19 San_Pablo
20 Buenos_Aires
21 Barcelona
22 Madrid
23 Berlin
24 Amsterdam
25 Lisboa
26 Bruselas
27 Estocolmo
28 Copenhague
29 Helsinki
30 Varsovia_Vieja
31 Atenas
32 El_Cairo
33 Sidney
34 Melbourne
35 Toronto
36 Vancouver
37 Ciudad_de_Mexico
38 Bogota
39 Santiago_de_Chile
40 Quito
41 Lima
42 Caracas
43 Brasilia
44 Ciudad_del_Cabo
45 Johannesburgo
46 Dubai
47 Singapur
48 Seul
49 Beijing
50 Bangkok
43
7
11
50
367
1 39 96
1 41 78
1 8 16
1 27 80
1 14 96
1 7 96
1 9 71
1 34 54
1 43 51
1 10 14
1 2 28
2 41 2
2 10 81
2 35 97
2 12 31
2 7 99
2 11 7
2 13 80
2 15 60
2 20 32
2 27 9
2 42 83
2 3 38
3 22 51
3 37 34
3 7 63
3 31 38
3 6 68
3 16 66
3 48 51
3 15 80
3 39 27
3 34 68
3 44 58
3 5 11
3 30 90
3 23 50
3 4 50
4 43 81
4 19 94
4 42 90
4 8 24
4 44 8
4 7 93
4 50 34
4 18 28
4 14 63
4 5 84
5 32 71
5 50 61
5 39 41
5 42 9
5 34 79
5 7 2
5 17 59
5 45 25
5 43 22
5 9 62
5 6 33
6 37 83
6 32 58
6 50 100
6 31 18
6 42 56
6 45 24
6 35 26
6 10 41
6 43 87
6 16 59
6 27 97
6 41 61
6 36 6
6 19 9
6 38 33
6 11 96
6 7 2
7 23 76
7 48 66
7 38 45
7 40 29
7 21 32
7 13 33
7 36 90
7 45 59
7 49 94
7 28 87
7 18 28
7 24 75
7 50 46
7 8 71
8 50 58
8 37 38
8 14 41
8 13 73
8 45 42
8 39 93
8 30 47
8 49 100
8 42 8
8 16 2
8 27 27
8 29 59
8 18 2
8 9 61
9 18 35
9 31 8
9 20 83
9 22 94
9 44 56
9 11 32
9 42 13
9 16 57
9 21 32
9 41 66
9 36 33
9 37 16
9 29 90
9 33 34
9 15 18
9 50 58
9 10 55
10 31 46
10 30 86
10 27 13
10 45 2
10 24 55
10 29 87
10 17 71
10 22 41
10 19 53
10 28 44
10 39 96
10 18 77
10 33 89
10 48 12
10 21 69
10 11 44
11 25 63
11 27 33
11 50 20
11 28 14
11 30 73
11 24 73
11 20 2
11 17 90
11 36 80
11 12 73
12 31 37
12 42 82
12 50 24
12 21 1
12 19 21
12 44 56
12 13 14
13 16 32
13 20 74
13 35 65
13 40 5
13 25 94
13 23 5
13 17 56
13 41 74
13 26 61
13 14 67
14 18 90
14 37 76
14 44 75
14 24 70
14 43 52
14 17 87
14 15 85
15 34 92
15 37 48
15 18 85
15 33 66
15 21 22
15 25 100
15 41 40
15 19 25
15 22 25
15 16 57
16 22 26
16 30 54
16 27 5
16 18 52
16 48 20
16 19 82
16 28 65
16 50 87
16 31 43
16 36 21
16 21 11
16 17 25
17 34 81
17 24 84
17 20 89
17 30 96
17 44 69
17 37 92
17 26 64
17 32 49
17 31 27
17 18 45
18 26 14
18 23 91
18 28 18
18 30 22
18 31 76
18 44 71
18 43 2
18 27 75
18 49 86
18 35 62
18 19 54
19 34 99
19 44 19
19 35 32
19 28 98
19 41 15
19 39 12
19 40 96
19 42 30
19 20 21
20 42 100
20 40 35
20 37 93
20 44 10
20 48 34
20 41 59
20 35 64
20 30 7
20 21 7
21 28 77
21 47 7
21 43 33
21 46 25
21 29 83
21 23 63
21 40 1
21 22 90
22 42 78
22 41 32
22 46 74
22 29 65
22 40 44
22 33 66
22 26 73
22 50 57
22 32 46
22 23 41
23 31 75
23 50 17
23 49 92
23 45 9
23 24 3
24 42 15
24 36 75
24 30 58
24 34 19
24 26 4
24 39 95
24 32 27
24 50 4
24 25 19
25 43 34
25 39 26
25 47 14
25 49 41
25 41 23
25 26 23
26 33 86
26 30 59
26 42 40
26 36 98
26 44 74
26 39 70
26 48 10
26 28 23
26 41 76
26 27 42
27 38 9
27 36 90
27 49 54
27 42 22
27 28 85
28 40 20
28 35 52
28 31 73
28 34 95
28 43 39
28 41 22
28 29 92
29 47 67
29 46 10
29 38 34
29 40 33
29 41 8
29 45 84
29 42 44
29 30 18
30 37 13
30 42 20
30 39 17
30 35 98
30 32 5
30 47 13
30 44 19
30 31 62
31 45 95
31 35 23
31 49 61
31 38 30
31 34 19
31 37 73
31 32 19
32 42 68
32 33 98
33 42 72
33 46 98
33 40 74
33 38 8
33 36 14
33 34 100
34 38 66
34 46 18
34 42 4
34 41 24
34 35 21
35 42 46
35 48 99
35 49 29
35 37 19
35 36 81
36 39 10
36 47 38
36 37 32
37 40 96
37 46 48
37 41 31
37 44 88
37 38 74
38 48 55
38 41 63
38 39 3
39 40 45
40 44 71
40 42 93
40 45 53
40 41 28
41 45 29
41 42 46
42 45 4
42 46 90
42 44 86
42 50 21
42 43 69
43 48 52
43 44 93
44 45 65
45 47 78
45 49 22
45 46 53
46 47 50
47 48 89
48 50 61
48 49 97
49 50 55
