100
949 513 9689
242 427 6172
929 17 6076
45 953 7755
396 25 7462
389 430 1560
628 287 7573
312 841 7776
888 632 1608
284 425 8142
813 373 1286
874 305 5588
925 234 9871
949 970 7528
249 365 9073
892 444 9133
549 762 8661
569 73 8317
613 652 7367
936 626 9740
457 129 3200
873 2 7571
714 617 8300
573 565 8085
74 815 5471
292 396 1411
629 635 9673
253 894 6291
718 507 8418
814 442 1420
24 589 8862
298 461 8560
877 866 9555
380 438 9859
853 203 7225
380 185 1050
352 814 9896
777 66 6269
965 784 7880
494 287 6337
649 1 1716
934 299 3306
220 176 8628
814 556 8551
973 408 4473
636 788 9598
385 831 8927
460 297 1119
428 261 2494
593 445 3350
199 93 3428
84 717 6861
812 937 2220
714 751 9676
745 723 5441
978 49 8793
86 124 9206
699 584 8288
67 11 4264
220 604 4552
351 493 4441
173 268 9860
604 79 3299
902 484 9382
754 228 4834
705 896 4880
443 672 7635
11 60 5930
877 128 8902
383 38 5431
644 79 9853
378 252 8754
139 547 9571
528 138 7734
356 892 8860
598 596 9356
889 729 8821
304 740 2983
994 306 6095
384 689 7454
379 22 5539
558 401 6650
3 230 5711
219 758 7813
919 805 3630
536 402 6606
740 291 6530
305 285 4544
621 969 5999
375 352 9030
548 732 8186
109 289 6910
614 983 5061
355 202 6872
234 120 2725
5 347 9325
753 777 8679
538 81 4227
444 702 7965
657 767 2727
