1000
558 314 3881
862 114 2278
567 418 5673
502 774 6569
575 7 4634
453 703 5794
733 455 2338
303 684 4022
539 127 3829
52 784 6853
608 31 5418
896 894 4062
161 150 6500
410 342 3312
551 917 1311
813 369 3126
110 101 9234
185 94 7162
340 633 7520
888 375 3112
893 984 1966
902 879 2269
715 730 9931
255 831 3945
951 381 1120
653 884 1245
748 685 7516
989 870 7673
913 209 8815
655 788 6969
871 680 5799
117 271 1120
639 986 1277
309 931 3876
322 571 7420
251 914 6544
549 662 6041
329 650 2119
514 253 2931
712 908 8111
594 778 3575
150 585 4677
584 914 9348
438 223 3152
122 545 3206
188 796 5953
518 34 6452
532 54 7806
415 568 5242
197 970 9150
768 563 3640
707 713 7681
608 988 1343
493 425 7691
1000 548 8472
77 426 1871
68 944 6136
411 475 4649
93 890 4084
29 777 5190
872 544 1065
182 942 2315
768 549 7124
266 732 8703
679 732 4798
635 499 8895
77 257 1470
244 358 9436
465 451 4974
944 480 9953
391 352 6415
91 224 4003
505 682 8329
596 948 4609
422 316 2060
485 642 2889
665 719 6918
787 653 8663
384 808 9799
250 751 3634
894 832 2187
81 923 8099
209 118 1048
577 714 1314
366 135 6589
887 311 8277
596 666 7250
252 452 1578
576 526 3911
731 467 3201
366 360 1703
43 441 3352
945 341 7529
217 608 4291
438 974 3275
665 550 8281
843 145 9202
119 397 1378
739 663 9311
475 393 4843
342 450 7863
40 493 1913
661 438 4804
90 345 5863
543 783 8699
511 447 5371
791 980 1638
425 789 1483
202 527 9373
816 692 5170
585 33 2443
715 73 4314
977 425 1816
268 515 3998
859 57 4107
421 258 5799
534 48 4152
171 164 5418
206 366 8238
903 872 1393
683 147 7019
603 552 5884
326 218 4209
867 487 8524
753 345 6053
422 456 8072
228 680 5797
13 852 9364
969 57 8215
761 960 7467
935 333 9027
141 936 5626
112 952 5245
818 509 4621
728 261 3487
385 683 7607
611 601 5287
265 615 6165
83 583 5594
958 33 1011
704 968 5588
287 800 6636
423 912 7468
467 420 8902
307 147 8805
873 223 6413
894 834 3331
905 789 2710
457 872 8968
757 519 4277
16 914 7030
298 200 5246
516 313 7679
66 780 6601
434 777 4405
754 339 6145
447 233 2826
741 828 8246
339 285 5701
210 41 2407
115 748 6765
369 46 1734
731 562 9944
695 318 8635
769 753 1430
991 196 5620
124 333 5942
92 764 1552
538 793 8550
546 3 4527
382 809 7498
822 868 5983
151 599 7553
795 984 9677
599 443 4189
179 433 7895
98 557 1142
251 339 6196
922 568 6767
877 113 5691
563 185 6245
688 697 5460
859 848 9516
282 333 7090
23 932 3784
207 110 4938
277 208 6697
371 149 3820
229 70 3555
570 637 3537
914 891 7108
446 578 5901
847 127 5782
846 409 3497
209 432 4747
14 329 9962
253 606 9630
739 978 8695
253 897 7707
26 466 5217
221 69 6686
292 515 2545
58 362 6779
363 898 2808
691 106 8310
950 121 1406
8 64 8929
967 493 7887
73 436 1542
941 462 6597
135 374 4610
530 356 5957
884 104 2902
673 468 3961
562 849 6222
572 799 5405
602 807 5448
547 463 4982
850 536 8763
358 167 6474
22 302 6459
446 523 3890
694 406 5604
685 769 9316
573 20 8522
257 593 8905
754 885 1425
3 431 5647
747 971 4200
926 18 1855
256 731 6699
962 176 4482
21 560 9620
877 244 7956
199 507 5167
61 765 4695
721 208 8881
878 902 9587
498 648 4699
344 573 5695
47 520 4040
52 481 8475
271 192 9826
585 69 9994
668 959 6811
772 19 8694
157 741 7852
428 618 6798
819 806 2450
180 840 4504
249 887 9435
49 940 6635
24 901 7996
250 485 7185
721 153 9322
698 925 9060
129 81 7237
769 199 6213
1000 18 1636
879 889 3770
331 137 6406
993 877 8176
826 592 5497
851 842 5054
635 562 1607
377 259 4454
830 388 3159
332 847 3667
834 847 7501
140 725 7424
286 746 3001
9 429 4337
672 254 2842
925 795 9277
353 119 3697
934 186 4786
129 16 2234
96 38 2895
262 872 5500
447 702 6368
519 989 7070
109 998 1908
887 360 7454
945 975 3701
845 17 5835
998 952 6111
99 771 3589
589 867 8376
926 128 3812
799 265 3406
397 475 9927
431 584 1778
203 160 6073
610 105 7372
811 640 4597
130 327 7358
326 426 1107
539 706 9875
790 631 7392
602 120 5963
116 517 8144
619 948 8870
500 841 4411
740 140 7547
645 951 8553
878 771 3059
441 96 3854
85 635 3170
285 114 4837
304 717 4355
589 833 9027
37 142 6921
380 642 7946
574 71 4424
562 717 8057
190 284 3743
527 725 9465
289 500 9809
757 476 3152
545 780 5176
144 58 7351
259 96 6408
12 166 8256
295 740 3837
719 993 1457
91 873 2779
926 399 7095
856 688 7448
110 134 3711
170 680 4211
947 514 4912
246 773 2021
687 785 9213
460 80 9964
304 489 3754
865 580 9072
709 195 9977
277 50 9321
36 852 2210
271 712 1481
286 659 1489
740 905 3195
289 281 8652
4 741 3607
150 44 9487
288 909 8281
990 307 2734
399 275 3244
186 311 9621
108 583 7950
400 559 7537
515 298 2537
784 587 5424
146 281 9324
970 432 6136
281 410 9190
863 399 9327
640 488 5578
158 675 6326
527 783 5280
989 183 7587
418 388 8158
132 171 9949
128 7 3171
865 667 7725
335 638 6428
715 501 2220
92 140 2145
744 298 9392
397 516 5234
323 504 4959
808 613 9056
280 435 1717
720 563 8598
751 427 2105
593 453 6794
846 858 6812
498 640 3893
328 74 9284
833 471 1406
810 795 3276
971 602 5365
900 573 9210
1000 292 5102
798 733 8433
263 326 8271
56 862 5740
350 359 2103
474 687 3872
587 519 9307
906 329 2752
419 990 3665
544 889 1201
795 578 4309
609 376 8096
540 329 1284
924 385 9238
855 425 6177
736 899 6115
381 486 6510
188 81 4529
789 500 4132
992 44 8244
147 839 8581
596 447 1806
157 677 1895
44 600 7576
793 455 4724
591 881 7169
767 953 3257
461 140 1134
174 929 8209
567 611 5713
538 758 8922
86 43 7808
702 200 7867
645 935 9306
974 418 7863
416 8 6576
758 465 8318
585 926 7264
875 790 5167
974 46 4691
807 584 9907
168 361 6124
668 62 9437
845 707 2130
621 370 3376
542 787 2285
724 544 5909
168 820 8820
132 694 5548
25 667 5028
529 163 3570
171 331 8754
857 1000 7255
432 844 7034
633 154 2472
251 386 2423
569 109 5990
351 277 8365
749 410 9682
627 125 1083
552 655 3348
751 516 8333
0 372 8713
2 494 9421
20 818 4631
99 68 3141
655 327 6657
64 678 8367
983 117 5533
595 744 2322
873 986 4361
4 426 2555
467 116 2028
929 118 6087
924 830 4925
72 619 4788
607 274 6963
250 28 9291
552 10 8658
263 605 4481
100 168 7853
281 863 7214
979 329 8381
737 948 1544
990 561 3672
750 633 7236
579 930 6594
735 870 4801
258 422 2157
590 685 2212
665 785 5051
415 757 4021
592 735 1324
886 161 2738
988 842 4487
919 591 6332
778 169 7218
292 594 8933
143 543 4711
696 132 4216
854 487 3641
559 902 6346
437 494 2951
23 69 5420
558 56 2774
652 975 9874
69 442 1569
415 734 3761
321 568 4803
649 263 7223
352 807 3566
530 366 2620
464 493 3534
513 516 2753
32 73 2756
84 726 1084
417 485 2039
919 900 6083
705 221 6083
724 560 7066
875 602 8308
202 131 8731
742 285 2355
464 798 7507
256 521 9857
794 295 1958
306 712 5883
951 320 4044
328 716 1177
965 439 8059
864 4 6710
259 206 4900
712 638 4781
656 102 4432
807 48 5079
722 532 8496
51 838 3620
867 788 5827
271 807 5006
897 771 8830
772 634 3586
249 583 4711
549 294 2888
133 641 2588
205 137 5564
799 549 4572
376 601 8696
356 157 4845
346 118 5167
51 14 7680
195 476 2383
34 416 5585
79 965 1886
452 788 8707
928 993 9422
140 481 9020
886 548 3327
159 594 4293
220 940 9831
87 991 2116
415 876 8144
66 910 6623
300 679 8519
829 131 5416
688 749 5878
685 889 1786
230 465 5769
66 624 8250
750 534 1185
551 311 3386
56 726 2747
728 792 3788
816 91 5091
557 611 4673
86 298 7993
298 673 1613
991 593 5173
922 349 3236
445 789 8648
599 339 5639
742 85 2824
451 814 5456
70 629 7185
368 185 5700
797 271 6773
664 259 9827
419 250 8748
330 862 1995
554 306 5730
312 595 3718
380 27 6074
865 478 3877
139 238 4685
196 606 7017
864 92 6287
520 756 9310
539 866 9805
150 886 3541
802 129 8704
242 441 7479
21 512 4186
576 376 2507
254 205 5232
941 402 9384
813 956 7702
647 475 2046
430 704 2032
463 855 2832
357 346 1552
247 588 5839
423 609 9398
626 185 8922
307 129 6933
917 760 4484
822 263 4340
129 600 5210
574 29 6918
883 492 1147
768 539 6894
782 476 5755
236 900 7516
894 525 1183
616 522 9571
544 128 9362
874 951 8509
850 770 3298
300 343 3974
454 917 8406
844 374 1133
579 155 2731
902 81 6807
524 975 4350
712 281 3935
28 825 6596
105 699 7848
134 548 2196
764 538 6752
111 682 4548
952 525 1286
19 794 8454
564 696 1954
698 910 3054
357 622 1676
228 340 5688
918 445 2506
868 270 4472
968 724 6795
410 835 1261
770 786 4086
192 496 5095
461 59 1979
120 448 8320
444 495 1167
740 723 5158
169 640 3589
678 197 5903
734 164 5398
17 575 6983
983 34 1999
163 917 8580
829 377 1454
188 187 1235
148 322 7403
730 61 6826
342 921 8971
399 598 2683
416 331 7162
847 38 8222
421 711 6216
472 565 1430
18 393 1320
315 581 6838
58 730 3973
297 149 2402
948 491 8748
929 580 8450
798 686 3045
831 532 9264
128 644 2301
150 115 5178
88 825 9120
94 830 9975
979 578 4128
493 565 6552
760 203 8533
946 822 7531
730 619 1381
224 449 8615
67 577 3081
311 727 3780
119 506 9292
10 600 2069
482 578 4219
374 762 2207
415 211 1861
947 847 6021
749 266 9303
928 491 5000
948 248 6137
301 559 6996
770 368 2875
754 68 3095
256 550 4495
27 924 2981
364 338 8957
593 976 8973
644 414 6611
314 341 5850
433 288 7889
819 279 6963
622 49 7250
240 493 7869
840 439 8794
16 467 6089
335 521 7239
174 113 8843
550 448 5235
192 762 1926
15 194 1402
86 703 5742
716 325 1661
403 255 4517
849 785 3183
154 801 6008
73 135 2003
20 1000 8096
944 240 4241
280 122 7742
958 138 6532
304 224 3814
240 631 9453
605 724 7322
773 573 8519
69 417 9471
523 490 1225
187 510 6542
965 143 2524
190 423 7653
867 71 6841
738 375 8912
1 305 1828
280 911 2775
814 373 2554
823 132 7025
633 655 7145
268 532 9153
903 496 4827
468 376 7401
846 243 3671
361 671 8171
791 362 4444
852 332 9220
326 836 8014
373 659 6879
527 291 8888
170 249 7978
13 842 2245
0 309 7800
101 845 9515
272 205 9726
509 997 2246
742 538 4529
884 554 6831
89 617 7669
426 143 8449
799 313 9396
11 16 8986
411 17 1679
187 809 5062
896 80 3106
275 280 7592
706 21 1347
159 595 4148
758 684 1482
705 801 1309
633 289 7839
810 300 2222
828 712 8223
846 899 5240
709 484 6881
777 759 2314
221 155 7855
203 4 2786
429 762 6994
581 156 8355
256 479 5757
244 288 8113
248 806 5733
651 652 9287
170 50 9289
151 517 7398
412 738 4862
694 941 5210
261 369 7207
202 640 8521
944 586 4404
664 830 1317
684 768 9182
106 418 5544
116 279 1532
611 430 1187
865 533 2100
963 917 6553
65 177 8693
619 69 1936
19 703 4593
588 366 7436
445 741 9752
798 537 2699
802 653 1452
546 264 4826
807 128 5135
114 781 2168
743 846 8646
430 155 3562
447 865 7140
49 452 2267
481 587 1860
680 384 8718
988 876 6060
884 421 4111
591 227 2203
830 31 4199
986 464 3372
9 584 5931
412 30 7200
898 79 6714
59 560 8659
652 931 5152
471 918 7801
253 492 1073
989 82 7025
543 602 8757
878 588 2819
748 597 9777
464 699 3562
734 596 9641
766 656 5510
75 998 8924
769 159 7450
27 412 8605
708 90 2084
616 323 1023
245 200 8526
28 639 7171
706 793 3390
104 526 8455
582 983 9500
1000 748 7385
348 516 9829
614 233 5825
61 942 7486
591 557 3817
412 492 3150
131 520 7856
136 226 1669
531 20 6856
831 292 2129
476 291 8018
499 639 1672
992 252 7895
585 313 1691
960 594 9023
658 6 8710
246 828 4506
163 654 7124
563 184 1124
488 705 6083
86 871 8510
431 370 2196
292 361 7725
76 636 2501
802 286 5612
83 634 6144
857 570 8428
840 733 7699
49 986 1218
969 163 3504
490 249 6992
993 681 9065
133 663 2486
217 739 1081
305 540 2336
987 313 2002
364 169 2229
569 699 2807
117 748 6340
851 407 7749
289 897 1096
288 579 6272
657 402 4012
386 310 3146
441 615 8235
473 601 7365
137 965 1180
372 223 2188
338 340 9446
671 191 5078
476 170 5103
530 458 9965
956 805 9925
733 190 6576
249 321 1420
304 484 1004
363 622 1471
280 994 1248
897 21 8969
952 692 8786
412 167 1268
770 388 5278
395 33 1878
113 766 3490
451 14 1195
93 9 5329
26 62 9830
924 32 1795
734 930 8100
885 881 1950
225 292 4228
427 752 2832
776 838 8166
239 951 9110
272 402 5877
627 185 2505
466 212 5360
616 826 5621
760 560 6412
615 134 2047
161 49 5606
566 476 3189
358 252 5698
183 181 4056
465 143 5773
451 771 2268
446 927 4482
193 542 5820
663 992 8464
372 296 2382
341 458 6296
603 23 4409
617 382 9999
157 255 7878
959 410 9537
542 861 6171
621 997 4044
601 880 4921
717 543 9596
773 605 7169
963 946 9525
202 549 8956
918 856 2164
265 12 5316
794 662 6584
465 203 3781
598 824 9346
656 425 2573
947 832 2214
229 295 8551
498 257 4629
224 149 5991
664 66 3890
486 21 4960
253 815 7125
430 971 2287
158 258 4587
884 914 8505
488 551 2794
325 780 3920
76 277 8134
463 191 2729
89 855 2052
880 30 6099
373 974 5683
528 94 9340
577 252 4240
449 826 6298
126 313 1434
635 638 9180
129 404 8702
881 558 8525
471 647 2474
128 216 7779
498 280 3690
372 808 4791
216 74 6797
8 523 9055
404 649 6070
661 975 8059
386 103 4569
770 674 5036
653 144 3515
81 964 2897
231 151 2010
664 523 6979
881 429 1091
39 127 7868
24 531 7814
323 191 2722
950 268 6449
670 37 2996
639 380 8224
253 152 1988
84 383 5454
886 737 7238
495 617 1548
869 346 7691
765 371 5898
0 694 7538
210 333 2791
213 693 6425
890 331 4768
401 275 4424
875 49 5107
500 936 2441
337 120 2152
604 989 1036
997 443 9084
