10
1 Impedir_sabotaje_inminente 12 5 2 0
2 Establecer_contacto_confidencial 37 6 3 0
3 Obtener_informacion_confidencial 19 4 0
4 Recuperar_control_de_sistema 38 5 0
5 Eliminar_trazabilidad_de_mision 17 10 8 6 0
6 Extraer_codigo_fuente 20 7 0
7 Interceptar_transmision_secreta 22 8 0
8 Acceder_red_inteligencia 7 9 0
9 Acceder_a_sistemas_seguridad 9 10 0
10 Desactivar_la_Entidad 20 0
50 18
1 Montevideo
2 Nueva_York
3 Roma
4 Tokio
5 Moscu
6 Abu_Dhabi
7 Hong_Kong
8 Los_Angeles
9 Paris
10 Londres
11 Punta_del_Este
12 Salto
13 Rivera
14 Canelones
15 Colonia
16 Durazno
17 Paysandu
18 Maldonado
19 San_Pablo
20 Buenos_Aires
21 Barcelona
22 Madrid
23 Berlin
24 Amsterdam
25 Lisboa
26 Bruselas
27 Estocolmo
28 Copenhague
29 Helsinki
30 Varsovia
31 Atenas
32 El_Cairo
33 Sidney
34 Melbourne
35 Toronto
36 Vancouver
37 Ciudad_de_Mexico
38 Bogota
39 Santiago_de_Chile
40 Quito
41 Lima
42 Caracas
43 Brasilia
44 Ciudad_del_Cabo
45 Johannesburgo
46 Dubai
47 Singapur
48 Seul
49 Beijing
50 Bangkok
184
1 48 31
1 15 53
1 41 67
1 44 46
1 45 29
1 22 40
1 4 93
1 2 51
2 29 49
2 3 87
3 18 39
3 11 95
3 49 26
3 47 72
3 4 17
4 23 44
4 40 42
4 30 82
4 43 35
4 27 86
4 46 16
4 5 12
5 36 32
5 14 32
5 22 58
5 21 59
5 33 27
5 6 52
6 20 43
6 31 74
6 33 10
6 36 65
6 32 41
6 7 33
7 18 7
7 50 50
7 16 3
7 15 63
7 20 95
7 8 51
8 26 53
8 14 38
8 31 18
8 32 29
8 41 43
8 23 49
8 47 27
8 9 6
9 15 48
9 42 11
9 37 40
9 33 29
9 10 84
10 38 79
10 22 63
10 13 75
10 42 52
10 41 10
10 25 70
10 16 10
10 18 25
10 28 17
10 20 29
10 11 16
11 41 81
11 30 70
11 32 58
11 43 35
11 12 45
12 43 46
12 49 47
12 26 8
12 37 86
12 21 42
12 13 37
13 17 39
13 18 38
13 43 79
13 45 28
13 14 26
14 43 4
14 45 4
14 16 27
14 48 84
14 28 24
14 15 26
15 26 79
15 22 67
15 34 74
15 28 61
15 16 79
16 43 81
16 45 1
16 28 13
16 17 4
17 47 2
17 37 21
17 26 90
17 19 79
17 32 95
17 43 57
17 28 88
17 18 14
18 47 86
18 19 47
19 25 2
19 34 65
19 44 75
19 20 19
20 50 46
20 21 90
21 25 24
21 50 4
21 22 49
22 36 41
22 34 73
22 25 70
22 23 24
23 38 93
23 39 67
23 25 63
23 24 85
24 37 41
24 38 64
24 33 78
24 25 51
25 37 27
25 45 72
25 26 8
26 35 100
26 27 79
27 36 84
27 28 8
28 44 80
28 45 64
28 32 22
28 47 87
28 29 33
29 34 78
29 38 14
29 39 14
29 43 43
29 30 100
30 37 56
30 46 49
30 31 30
31 50 97
31 46 63
31 45 30
31 32 80
32 49 77
32 33 51
33 47 94
33 37 85
33 36 27
33 34 68
34 50 44
34 35 96
35 39 14
35 47 63
35 36 14
36 37 19
37 39 61
37 40 42
37 38 28
38 43 77
38 39 64
39 40 25
40 46 6
40 41 12
41 49 17
41 42 31
42 48 51
42 43 69
43 47 2
43 44 100
44 45 9
45 46 95
46 48 45
46 47 31
47 49 61
47 48 12
48 49 60
49 50 77
