100
1 Proteger_sede_FMI 42 89 66 7 86 83 21 43 100 13 62 34 87 12 54 60 46 36 93 44 37 65 20 45 28 96 56 15 63 55 76 88 69 2 0
2 Descubrir_identidad_de_infiltrados 1 22 96 40 85 92 25 45 97 82 93 26 36 74 20 42 61 4 70 69 15 28 94 64 24 51 3 0
3 Obtener_informacion_confidencial 39 58 89 50 53 99 9 84 34 71 46 87 15 22 66 10 69 14 54 31 23 79 74 42 4 0
4 Recuperar_control_de_sistema 40 44 78 71 29 6 75 9 88 19 41 81 18 94 40 25 42 83 76 77 69 74 84 12 39 5 0
5 Infiltrarse_grupo 18 68 29 61 87 100 15 53 10 55 36 65 46 11 48 57 79 73 18 78 17 20 49 90 62 33 6 0
6 Detener_ataque_cibernetico 49 89 74 88 39 32 48 84 82 60 26 19 68 42 73 97 52 18 67 29 51 41 10 13 9 27 7 0
7 Desmantelar_red_cibernetica 32 16 32 77 87 31 70 51 36 9 47 25 59 30 52 11 43 90 28 66 12 84 38 49 76 83 8 0
8 Liberar_informacion 36 48 44 38 50 94 89 25 14 66 20 22 70 17 74 85 51 10 65 23 33 11 78 29 37 46 88 83 68 84 19 9 0
9 Transportar_material_clasificado 20 30 85 55 84 96 24 29 94 54 51 18 22 75 56 98 13 60 99 73 21 70 17 64 10 0
10 Localizar_articulo_roto 23 68 22 63 59 24 41 64 33 62 60 19 81 85 83 21 18 72 56 42 49 35 88 26 51 89 55 13 31 77 44 69 11 0
11 Recuperar_acceso_sistema_critico 45 57 65 60 20 48 83 33 18 76 27 68 52 96 100 25 61 95 79 39 46 38 63 71 72 91 92 12 0
12 Rastrear_satelite_pirata 20 86 59 29 47 69 18 34 50 95 61 49 82 45 28 80 64 14 79 33 97 88 30 19 67 42 31 84 13 0
13 Infiltrarse_base_enemiga 15 46 20 61 52 100 84 65 26 19 88 49 98 76 25 83 63 27 87 14 0
14 Identificar_objetivo_secundario 8 38 69 29 89 78 72 70 31 57 52 76 93 35 65 81 44 83 40 99 75 25 73 63 59 82 42 15 0
15 Proteger_informante 32 96 89 48 65 75 79 47 41 85 23 42 31 98 78 83 18 19 53 45 93 66 63 73 22 82 16 0
16 Transportar_material_clasificado 39 25 30 53 83 72 29 57 75 52 35 46 89 69 41 76 97 64 44 63 86 78 39 43 32 79 31 87 61 24 65 19 17 0
17 Establecer_punto_seguro 27 82 88 35 66 96 70 22 71 29 24 32 20 99 36 61 67 93 43 41 55 56 18 0
18 Recolectar_evidencias 40 38 60 57 49 74 69 54 37 61 58 40 99 89 64 82 92 50 76 88 47 84 91 86 65 35 75 90 19 0
19 Proteger_sede_FMI 17 39 89 69 56 99 92 31 61 58 96 75 98 55 78 35 28 62 41 20 0
20 Transportar_material_clasificado 6 91 28 38 51 61 24 43 54 53 50 49 89 95 45 99 30 69 81 22 39 21 0
21 Descifrar_codigos 31 87 76 71 46 79 27 56 40 61 34 92 30 41 93 26 36 58 81 82 94 68 22 0
22 Recuperar_dispositivo 43 92 68 89 36 81 63 45 66 28 82 52 43 24 25 64 30 55 74 60 59 23 0
23 Recuperar_acceso_sistema_critico 9 88 48 35 43 100 47 98 37 28 73 79 85 50 44 76 78 41 95 61 55 74 29 87 24 0
24 Establecer_contacto_confidencial 36 74 28 69 80 97 42 81 75 93 68 67 30 87 60 59 65 63 37 78 70 100 46 36 83 25 0
25 Extraer_codigo_fuente 20 66 58 31 87 80 63 93 73 50 49 97 89 76 91 79 47 56 100 26 0
26 Neutralizar_amenaza 31 57 50 78 33 62 39 34 74 99 76 94 82 55 72 97 42 96 48 87 46 29 52 30 64 27 0
27 Desmantelar_red_cibernetica 11 71 100 76 70 94 31 37 60 32 78 56 79 51 66 38 73 30 93 28 0
28 Infiltrar_red_de_mandos 9 80 84 100 63 67 95 66 81 33 62 32 96 47 92 39 55 51 82 29 0
29 Liberar_informacion 23 47 49 81 42 96 41 51 77 95 82 63 97 31 60 57 48 30 0
30 Recuperar_control_de_sistema 20 57 85 54 84 70 81 87 96 67 72 60 31 0
31 Acceder_red_inteligencia 41 52 44 75 34 58 94 53 92 63 56 85 72 32 0
32 Neutralizar_vehiculo 30 87 61 84 35 55 68 100 92 41 65 44 54 82 43 47 36 34 79 49 60 67 73 70 91 33 0
33 Recolectar_evidencias 1 53 95 71 67 70 96 43 82 94 65 92 37 44 72 52 87 40 64 55 76 34 0
34 Proteger_emisarios 33 75 42 79 99 41 78 98 69 50 52 39 93 97 87 70 83 76 35 0
35 Rastrear_satelite_pirata 2 60 87 65 77 43 59 45 75 76 90 85 48 47 44 80 53 82 95 99 96 83 36 0
36 Infiltrar_red_de_mandos 3 40 47 49 52 62 80 71 98 43 42 92 51 88 83 72 56 39 85 78 37 0
37 Saboteo_interno 43 79 52 89 53 49 82 59 98 48 100 77 51 62 55 41 94 83 70 64 38 0
38 Proteger_emisarios 48 85 43 70 86 89 96 57 53 58 48 46 76 60 91 62 67 92 63 73 88 66 95 39 0
39 Proteger_sede_FMI 26 56 78 65 76 43 66 95 71 90 54 50 41 51 89 63 73 74 44 88 82 69 100 40 0
40 Interceptar_comunicaciones 31 64 50 96 89 54 62 53 51 91 95 56 61 41 0
41 Proteger_sede_FMI 44 89 50 100 56 72 90 77 87 67 93 85 82 97 76 94 60 81 42 0
42 Rastrear_satelite_pirata 8 62 59 57 100 64 66 94 85 69 65 95 88 61 77 46 78 43 0
43 Asegurar_artefacto 17 85 61 72 49 78 90 89 82 83 86 59 62 52 53 99 81 88 75 44 0
44 Recuperar_control_de_sistema 33 68 63 60 97 81 59 65 99 82 70 77 94 74 73 91 53 48 45 0
45 Eliminar_trazabilidad_de_mision 33 61 84 96 59 67 70 62 47 69 81 53 86 50 49 46 0
46 Acceder_a_sistemas_seguridad 44 51 73 66 70 67 86 71 74 53 61 65 48 52 98 47 0
47 Asegurar_artefacto 13 74 49 79 85 75 77 94 80 70 84 53 86 78 76 65 61 48 0
48 Interceptar_transmision_secreta 41 98 84 66 81 91 71 94 70 61 83 85 51 99 58 65 100 60 49 0
49 Obtener_coordenadas_clave 47 68 52 83 65 51 74 82 100 99 53 76 98 86 60 66 50 0
50 Obtener_informacion_confidencial 32 92 58 87 55 82 65 74 59 70 91 79 56 67 66 94 80 63 71 64 73 52 51 0
51 Asegurar_la_cuarta_llave 15 75 80 89 65 98 71 68 72 82 90 87 83 59 91 52 0
52 Interceptar_transmision_secreta 32 86 84 93 73 67 100 99 92 90 77 56 53 0
53 Infiltrarse_en_el_consejo 32 67 89 59 81 93 68 76 62 69 65 82 56 63 58 54 0
54 Recuperar_control_de_sistema 11 89 65 63 93 79 83 73 88 59 94 84 55 0
55 Recuperar_control_de_sistema 15 91 78 99 76 97 61 59 82 71 56 0
56 Descubrir_identidad_de_infiltrados 4 73 80 58 97 67 86 94 93 65 72 75 77 61 95 76 84 68 57 0
57 Eliminar_trazabilidad_de_mision 8 78 75 67 95 82 90 85 62 70 73 97 60 87 94 100 83 65 58 0
58 Establecer_contacto_confidencial 14 66 80 98 95 99 77 82 92 85 84 81 100 97 70 63 75 88 78 68 76 96 59 0
59 Infiltrar_servidor_secreto 31 98 61 86 100 77 79 96 82 81 93 73 60 0
60 Descifrar_codigos 15 89 90 63 95 81 99 80 72 76 92 91 82 64 78 62 61 0
61 Localizar_articulo_roto 1 81 67 98 93 73 71 82 99 75 95 84 83 62 0
62 Acceder_red_inteligencia 38 83 86 82 67 99 70 88 77 96 63 0
63 Impedir_sabotaje_inminente 34 78 76 83 100 88 64 0
64 Recuperar_dispositivo 29 91 84 94 97 73 69 79 89 85 88 80 83 66 65 0
65 Impedir_sabotaje_inminente 7 69 89 80 83 73 72 79 75 76 81 70 94 66 0
66 Acceder_red_inteligencia 29 99 69 70 77 75 67 0
67 Neutralizar_amenaza 45 98 76 70 69 91 82 93 96 94 73 88 68 0
68 Detener_fuga_de_informacion 31 93 75 85 99 87 100 69 0
69 Acceder_a_sistemas_seguridad 40 98 94 100 89 70 0
70 Desmantelar_red_cibernetica 37 76 80 83 84 99 100 71 0
71 Infiltrarse_en_el_consejo 35 79 91 98 85 82 84 94 90 78 72 0
72 Sabotear_instalacion 12 79 84 93 86 80 88 73 0
73 Cortar_comunicaciones_enemigas 2 93 84 98 92 77 80 74 0
74 Anular_defensas_enemigas 19 78 94 82 98 79 100 92 99 96 75 0
75 Cortar_comunicaciones_enemigas 23 94 100 98 90 95 78 85 76 0
76 Saboteo_interno 47 81 86 87 91 88 80 77 0
77 Localizar_articulo_roto 45 81 88 91 98 78 0
78 Detener_ataque_cibernetico 37 93 91 96 84 90 79 0
79 Impedir_sabotaje_inminente 17 98 97 91 94 92 95 80 0
80 Infiltrar_red_de_mandos 11 99 86 96 81 0
81 Neutralizar_vehiculo 25 95 85 91 98 93 82 0
82 Proteger_emisarios 47 90 95 93 89 97 83 0
83 Recuperar_control_de_sistema 49 89 97 95 98 94 87 90 92 84 0
84 Recuperar_llave 1 92 96 97 86 99 90 89 85 0
85 Recuperar_datos_sensibles 19 99 93 87 86 0
86 Acceder_a_sistemas_seguridad 44 100 91 99 87 0
87 Infiltrar_red_de_mandos 28 96 92 98 89 88 0
88 Eliminar_trazabilidad_de_mision 49 91 96 93 95 89 0
89 Establecer_punto_seguro 34 94 91 93 90 0
90 Desactivar_artefacto 13 100 96 91 0
91 Infiltrarse_base_enemiga 4 93 92 0
92 Recolectar_evidencias 31 95 96 93 0
93 Establecer_contacto_confidencial 46 99 94 0
94 Proteger_informante 30 99 95 0
95 Obtener_coordenadas_clave 34 100 96 0
96 Rastrear_satelite_pirata 38 98 100 99 97 0
97 Sabotear_instalacion 31 99 98 0
98 Encriptar_datos_confidenciales 32 99 0
99 Recuperar_dispositivo 10 100 0
100 Desactivar_la_Entidad 22 0
50 30
1 Montevideo
2 Nueva_York
3 Roma
4 Tokio
5 Moscu
6 Abu_Dhabi
7 Hong_Kong
8 Los_Angeles
9 Paris
10 Londres
11 Punta_del_Este
12 Salto
13 Rivera
14 Canelones
15 Colonia
16 Durazno
17 Paysandu
18 Maldonado
19 San_Pablo
20 Buenos_Aires
21 Barcelona
22 Madrid
23 Berlin
24 Amsterdam
25 Lisboa
26 Bruselas
27 Estocolmo
28 Copenhague
29 Helsinki
30 Varsovia
31 Atenas
32 El_Cairo
33 Sidney
34 Melbourne
35 Toronto
36 Vancouver
37 Ciudad_de_Mexico
38 Bogota
39 Santiago_de_Chile
40 Quito
41 Lima
42 Caracas
43 Brasilia
44 Ciudad_del_Cabo
45 Johannesburgo
46 Dubai
47 Singapur
48 Seul
49 Beijing
50 Bangkok
184
1 43 61
1 24 85
1 15 30
1 19 25
1 28 7
1 34 50
1 21 95
1 2 81
2 17 64
2 29 10
2 34 49
2 10 95
2 41 56
2 3 39
3 31 27
3 16 4
3 26 21
3 48 28
3 10 18
3 4 98
4 15 20
4 23 9
4 7 31
4 14 61
4 13 14
4 5 67
5 34 74
5 17 30
5 41 61
5 10 76
5 9 44
5 11 43
5 43 56
5 24 33
5 20 27
5 6 26
6 28 87
6 13 97
6 15 64
6 21 51
6 41 11
6 7 55
7 48 26
7 36 2
7 47 78
7 8 14
8 38 83
8 34 10
8 42 41
8 21 55
8 14 26
8 17 23
8 9 89
9 20 97
9 47 66
9 35 60
9 28 70
9 39 12
9 10 39
10 16 93
10 30 45
10 48 29
10 35 62
10 47 41
10 19 86
10 36 88
10 38 10
10 11 53
11 35 84
11 37 38
11 14 3
11 42 67
11 49 5
11 17 73
11 20 60
11 12 92
12 15 64
12 44 65
12 13 8
13 17 96
13 48 78
13 30 75
13 23 85
13 22 83
13 21 88
13 14 34
14 23 79
14 45 78
14 31 43
14 34 27
14 15 7
15 39 56
15 49 13
15 26 50
15 16 32
16 24 65
16 46 60
16 17 59
17 19 89
17 47 40
17 25 15
17 40 37
17 18 73
18 24 24
18 32 43
18 29 43
18 28 21
18 19 27
19 30 39
19 41 42
19 20 70
20 46 99
20 48 30
20 50 12
20 21 50
21 22 99
22 49 11
22 29 31
22 36 24
22 41 49
22 23 12
23 39 43
23 45 3
23 24 86
24 29 34
24 33 78
24 34 16
24 31 68
24 25 1
25 37 69
25 48 49
25 26 34
26 38 23
26 48 89
26 50 92
26 28 88
26 43 82
26 27 90
27 44 21
27 28 77
28 32 94
28 34 94
28 29 52
29 39 96
29 42 73
29 49 51
29 30 39
30 41 94
30 34 45
30 31 85
31 44 66
31 32 52
32 49 60
32 33 72
33 34 23
34 35 49
35 47 80
35 36 90
36 40 46
36 43 30
36 37 48
37 43 3
37 38 55
38 43 15
38 44 32
38 46 16
38 39 3
39 40 88
40 45 41
40 42 68
40 48 98
40 41 93
41 46 79
41 50 16
41 47 22
41 42 56
42 43 79
43 44 52
44 45 89
45 46 38
46 47 83
47 48 99
48 49 10
49 50 62
